0.305856 0.686776
0.613834 1.131348
0.336981 0.388220
0.612000 0.716564
0.524306 0.663134
0.212118 0.770267
0.323150 0.685435
0.464292 1.147251
0.771776 0.832651
0.490929 0.609340
0.004347 -0.014281
0.500755 0.488078
0.263002 0.917384
0.419166 0.544119
0.624016 0.659363
0.458554 0.401493
0.655503 0.445019
0.574941 0.377916
0.763020 0.219862
0.617234 0.521048
1.011992 0.680846
0.691272 1.293345
0.681903 0.129931
1.286951 0.498212
0.247298 0.093761
0.378986 0.907331
0.577171 0.932854
0.016766 0.733818
0.747528 0.612486
0.332098 0.405927
0.658657 0.733499
0.950711 0.550483
0.752476 0.309272
0.570468 0.207299
0.675130 0.288732
0.703004 0.819054
0.392170 0.615358
0.345073 0.653697
1.174078 0.392426
0.723397 0.744068
1.009868 0.431448
0.631746 0.991131
0.351771 1.102402
1.102447 0.872848
0.762039 0.886799
0.372230 0.934348
0.752829 1.029408
0.518566 0.514781
1.315968 1.022913
0.913503 1.083657
0.386297 0.099166
0.158451 0.393232
0.178709 0.555443
0.632872 0.733847
0.826869 0.682579
0.259659 0.329869
0.889601 0.833148
1.071199 0.769263
0.897314 0.082440
1.310591 0.692967
0.950630 0.708339
0.548363 0.346858
0.647040 0.516140
0.114326 1.107579
0.414127 0.832409
0.529245 0.566801
0.826834 0.697943
0.605882 0.544211
0.718746 1.003321
0.104511 0.386668
0.812825 0.836928
-0.011301 0.917740
0.340584 0.656437
0.728222 0.816047
0.529032 0.587205
0.542163 0.436197
0.695042 0.759798
0.611288 0.480901
0.257235 -0.062275
0.460505 0.074352
0.243983 0.774823
0.693920 0.619764
0.327694 0.590084
0.235976 0.051308
0.596244 0.540587
0.345122 0.417809
0.715354 0.373550
0.320842 0.449079
0.557549 0.566047
0.683625 0.750612
0.645990 0.861828
0.557164 0.564920
0.793087 0.792203
0.205012 1.405076
0.392010 0.961200
0.534501 0.068091
0.719372 0.701104
0.524386 -0.307760
0.716658 0.902438
0.758154 0.974163
0.475611 0.172294
0.201579 0.595261
0.424167 0.882840
0.279034 0.842800
0.094481 0.384686
0.236949 0.997312
0.188143 1.075674
0.119336 0.359541
0.876455 1.078493
0.141512 0.306465
0.763901 0.712726
0.958415 1.035505
0.108900 -0.022281
1.367964 0.418883
0.528967 0.444557
0.929399 0.080231
1.415799 0.112104
0.769354 1.457626
0.324671 1.224455
-0.166751 -0.260828
0.273613 0.261386
0.507789 0.287812
1.067601 0.487814
0.272873 0.441905
0.353951 -0.053203
0.480267 0.555042
1.028155 0.721321
0.311314 1.290880
0.263992 0.544290
0.534352 0.416619
0.846501 0.538337
0.961938 0.763178
0.208992 0.582297
0.391582 0.575531
0.504270 0.687551
0.306537 0.320194
0.190601 0.500792
0.740035 0.635777
0.166026 -0.040448
0.334493 0.476466
0.603357 0.674159
0.528399 0.716068
0.893169 0.519659
0.484188 0.971822
0.415983 0.829225
0.390081 0.272081
0.652265 0.649029
0.573702 0.562310
0.493512 0.498708
0.181234 0.525169
0.590439 0.212023
0.665930 0.320399
0.361473 0.350775
0.133835 0.579931
0.491168 0.436862
0.450696 0.720419
0.591790 0.517062
0.269769 0.247795
0.439018 0.558292
0.383521 0.607508
0.586239 0.687284
0.740766 0.945274
0.287350 0.874247
0.836098 0.399675
0.669533 1.324094
0.341833 0.014245
0.049735 0.461195
0.388222 0.200323
0.254500 0.703220
0.827622 0.597269
0.344119 0.621056
0.427791 0.276075
0.616454 0.423733
0.417335 0.687709
0.609448 0.472281
0.975201 0.825191
0.238454 1.055356
-0.065973 0.479835
0.583464 0.963057
0.681367 0.488527
0.274977 0.227843
0.437670 0.230360
0.402702 0.632621
0.948223 0.761814
0.119711 0.128797
0.990669 0.349479
-0.044687 0.434373
0.802670 0.782815
0.555639 0.605263
0.081699 0.956994
0.220834 0.374763
-0.106523 0.229290
0.202935 0.556843
0.430523 -0.015761
0.550353 0.178162
0.937716 0.340083
0.817104 0.626895
0.448862 0.510637
0.496647 0.887818
0.023863 0.544663
0.315295 0.411954
0.137155 0.450438
0.370397 0.767203
0.490719 0.756726
0.619433 0.609816
0.356661 0.468869
0.598063 0.855121
0.713019 0.805760
1.022522 0.641595
0.442830 0.767021
0.623874 0.378076
0.463916 0.797536
0.205572 0.151916
0.451886 0.499002
0.897616 0.298344
0.175122 0.736176
0.270828 0.555881
1.110341 0.504341
0.265265 0.707610
0.438885 0.723403
0.177213 1.007227
-0.061376 0.165468
0.290390 0.931151
-0.243461 -0.097837
0.849225 0.088329
1.279019 0.576356
0.503981 0.558039
0.416555 0.654655
0.195815 1.604602
0.325191 0.110484
0.398633 0.306723
-0.041439 0.774592
1.038925 0.911342
0.157019 0.763589
0.411135 0.332474
0.940450 0.138341
1.047289 0.705774
0.686192 0.680575
0.915817 0.865753
0.095119 0.625487
0.276563 0.735623
1.004993 0.725341
0.257781 1.211936
0.170153 -0.356285
0.044458 0.598060
0.597111 0.246413
1.051194 0.592193
0.349524 0.614400
0.092692 0.838093
0.780266 0.835662
0.629855 0.258292
0.569584 0.439210
0.046135 1.218964
0.126082 0.285691
0.388240 0.736921
0.830358 0.834772
0.514692 0.397138
0.285573 0.619565
0.405377 0.527626
0.258951 0.409471
0.560656 0.693179
0.782132 0.474918
0.447651 0.725475
0.720351 0.457099
0.332511 0.576576
0.419236 0.867001
0.263589 0.480347
0.421065 0.408249
0.122005 0.555952
0.325881 0.566700
0.653086 0.792673
0.551175 0.555559
0.384206 0.413279
0.721972 0.435299
0.364401 0.733327
0.484779 0.623832
0.537903 0.606015
0.318148 0.583533
0.478505 0.968477
0.722730 0.333205
0.400339 0.373829
0.455694 0.536639
0.270359 0.075477
0.424584 0.618386
0.070216 0.056416
0.482035 0.444794
0.507832 0.630844
0.518276 0.699826
0.170642 0.048501
0.584596 0.796847
0.608749 0.685439
0.545565 0.694973
0.577136 0.998437
0.400387 0.915867
0.469031 1.002674
0.361982 0.651916
0.498327 0.724970
0.036522 0.258479
0.815117 0.685536
0.422483 0.600319
0.458373 0.319417
0.018197 0.812562
0.340766 0.484373
0.392631 0.326008
0.167860 0.133768
0.229640 0.135876
0.037770 0.212144
0.673346 0.840923
0.575514 0.646433
0.096902 -0.005422
0.760494 0.021547
-0.180490 0.949430
0.741851 0.748838
0.868972 0.361947
0.562460 0.479712
0.291419 0.443582
0.224467 0.262803
0.100728 0.673151
0.222532 0.392128
1.173923 -0.451581
0.449846 0.747253
0.498632 0.781593
0.044626 0.534286
1.014147 0.606930
0.601444 0.830148
0.430802 0.468108
0.390649 0.922925
0.666710 0.552225
0.640151 0.659375
-0.116265 0.556922
0.268514 0.577560
0.699461 0.454099
0.435057 0.747525
0.536559 0.667188
0.624704 0.829171
0.175092 0.709701
1.027400 0.495350
0.718171 0.437721
0.527721 0.837944
0.671913 0.695237
0.507937 0.729890
0.543739 0.402236
0.449354 0.352164
0.382253 0.446137
0.186240 0.479873
0.594603 0.668889
0.377472 0.757877
0.350945 0.450005
0.880730 0.779442
0.236470 0.701854
0.623596 0.613861
0.757038 0.503075
0.318689 0.462309
0.181533 0.668567
0.328836 0.278801
0.319979 0.192180
0.195528 0.579029
0.769057 0.859039
0.951712 0.970930
0.979805 0.400212
1.053488 0.902425
0.494378 0.235353
0.774891 0.435908
0.882779 0.891562
0.238169 0.083208
0.732707 0.803406
0.235266 0.265301
0.559480 0.761844
0.266612 0.773948
0.778482 0.234598
0.404139 0.554263
1.069711 0.175115
0.727722 0.540595
0.311090 0.508795
0.422233 0.976948
0.491738 0.547346
0.255343 0.870994
0.889232 0.449024
0.931083 0.676528
0.515961 1.181329
0.140533 0.889566
0.127949 0.857906
-0.162386 0.772553
0.457668 0.575692
0.387343 0.612865
0.132218 0.245338
0.604506 0.617288
0.387235 0.524988
0.621571 0.413259
0.364041 0.830039
0.136239 0.516899
0.592861 0.607431
0.340400 0.230079
0.474213 0.326851
0.373948 0.463430
0.799164 0.434944
0.462005 0.225505
0.582592 0.425700
0.410259 0.627837
0.634148 0.556068
0.466253 0.597163
0.336863 0.563466
0.264666 0.520977
0.442899 0.650176
0.780897 0.787656
0.866476 0.213819
0.393514 0.472843
0.822582 0.781140
0.743474 0.374428
0.339848 0.387845
0.201087 0.891813
0.352693 0.603981
-0.117347 0.234286
0.076118 0.685849
0.792434 0.793819
0.150485 0.126405
-0.458304 0.132857
0.490246 0.667477
0.604812 0.434721
0.235734 0.543787
0.540957 1.142604
0.074879 0.189165
0.305705 1.108082
1.080246 1.231741
0.380957 0.678761
0.239893 0.830042
1.019197 0.711950
0.827896 0.680379
0.878027 0.496627
0.307454 0.462561
0.633388 0.490315
0.404022 0.560507
1.055413 0.627153
0.223675 0.142754
0.643542 0.073682
0.392927 0.046900
0.806809 1.023664
0.998651 0.503610
0.317957 0.608667
0.734946 0.461639
0.802272 0.138736
1.078579 0.913496
0.503117 0.474207
1.272734 0.488241
0.199201 1.080150
0.886567 0.891654
0.159476 0.731068
-0.020598 1.096264
0.373005 0.459955
0.522348 0.562858
0.176401 0.596251
0.406413 0.664869
0.796387 0.689265
0.608915 0.619949
0.309300 0.535886
0.277270 0.693990
0.422931 0.729345
0.446045 0.393283
0.287691 0.507405
0.843566 0.583396
0.622653 0.655172
0.547531 0.682504
0.251288 0.377523
0.245448 0.457525
0.570473 0.560087
0.483469 0.670340
0.290851 0.453622
0.194242 0.399199
0.407054 0.331324
0.523931 0.551140
0.639888 0.381288
0.997546 0.678633
0.400550 0.459695
0.580222 0.632511
0.798349 -0.044539
0.709735 0.478076
0.644426 0.458861
0.070952 0.264075
0.209854 0.348548
0.320890 0.443907
0.644566 0.185554
0.494840 0.806359
0.928982 0.965366
0.521721 0.319031
0.120787 0.520804
0.550221 0.693681
0.148274 0.403203
0.194617 0.345355
0.191556 0.340467
0.031444 0.730349
0.445225 0.525451
0.333065 0.438636
0.219176 0.233851
0.293214 0.641779
0.537251 0.059529
0.368901 0.306292
0.944635 0.666117
1.010365 0.844853
1.178768 -0.076605
1.030135 0.867739
0.023655 0.896031
0.358883 0.504441
0.600289 0.489961
0.299903 0.440363
0.250078 0.693610
0.517913 0.071668
0.710557 0.777563
0.363791 0.435896
0.030185 1.081814
0.011882 0.113097
0.764846 0.438820
0.358409 1.060347
0.028819 -0.101674
0.465591 0.721811
0.337609 0.356214
0.318347 0.470289
0.347986 0.036799
0.433276 0.272792
0.455971 0.703924
0.772718 0.440312
0.520312 0.698576
0.363413 0.486880
0.581665 0.594767
0.375632 0.628854
0.487943 1.062944
0.364998 0.489184
0.321934 0.856372
0.264771 0.915162
0.136274 0.160273
0.754398 0.377633
-0.003239 0.461451
0.884660 0.031689
0.711568 0.791968
0.665774 0.395115
0.819597 0.753185
0.601147 1.421769
0.445850 0.791131
0.101255 0.250136
0.726626 0.504863
0.665731 1.093772
0.669501 0.727372
0.109994 0.841050
0.321017 0.583660
0.385644 1.323938
1.147471 0.905099
-0.111356 0.456737
0.400270 0.101882
0.095347 0.592460
1.012389 0.756806
0.438217 0.660603
0.730981 0.682565
0.705825 0.399266
1.043201 1.001046
0.287973 0.824457
0.035183 0.588535
0.033735 0.957994
0.754998 1.074559
0.276177 0.546484
0.486986 0.020884
0.394095 0.597644
0.601391 0.447031
-0.080913 0.626532
0.527494 0.191230
0.865193 0.670516
0.557789 1.037673
0.783710 1.227547
0.172589 0.393074
0.129868 0.635492
0.704938 0.755434
0.496394 0.834023
1.358781 0.440489
0.752124 1.059034
0.873104 0.585165
0.825686 0.718140
0.809947 0.451631
0.358079 0.571954
0.658214 0.224615
0.539255 0.554045
0.829045 0.512839
0.598658 0.644767
0.647037 0.830072
0.857405 0.294802
0.605477 0.496727
0.454306 0.451740
0.234555 0.172742
0.623646 0.442453
0.096286 0.068356
0.486890 0.635002
0.633026 1.104794
0.108133 0.691919
0.450412 0.304073
0.511849 0.866476
0.318540 0.579160
0.443411 0.374103
0.456299 0.503044
0.787346 0.434725
1.027278 0.091625
0.577932 1.014303
0.331875 1.240423
0.601138 0.655351
0.275298 0.341225
1.337023 0.497582
0.663554 0.635329
0.062069 0.008192
0.458780 0.627594
0.253951 0.873493
0.647137 0.894559
0.276108 0.489695
1.304984 -0.332307
0.098625 1.147232
-0.055748 0.088622
0.399683 0.837027
-0.004675 0.070100
0.757077 0.732786
0.543120 0.224398
0.575143 1.069825
0.839467 0.512269
0.700628 -0.192124
0.842827 1.042718
0.292053 0.629740
0.982065 0.780378
1.056419 0.143219
0.795101 1.103158
0.218604 0.868116
0.664482 0.564700
0.480871 1.215240
0.217301 0.985382
0.935861 0.717228
-0.003513 0.610671
-0.048077 1.438988
0.860931 0.895907
0.617558 0.571546
1.177445 0.403523
0.965720 1.210357
0.378720 0.951880
0.331350 0.984661
1.318371 1.021065
0.187003 0.511605
0.641819 0.302638
0.353344 0.429900
0.480957 0.460879
0.547911 0.586676
0.455717 0.544227
0.172023 0.693648
0.015464 0.528651
0.062629 0.420629
0.149990 0.556045
0.413156 0.365913
0.416998 0.814988
0.523797 0.321223
0.292800 1.176497
0.645066 0.614774
0.312100 0.412503
0.350943 0.468745
0.918916 1.041440
-0.037332 0.429388
-0.034058 0.192622
0.605105 0.178429
0.424644 0.447778
0.654900 0.556129
0.472040 0.516826
0.432643 0.220493
0.568514 0.856263
-0.101954 0.362151
0.574368 0.505429
0.121084 1.009185
0.222604 0.774668
0.540179 0.696757
0.409349 0.726039
0.560666 1.044656
0.838690 0.671759
0.474003 0.457469
0.585104 1.240717
0.918122 0.691192
-0.013903 0.548603
0.038887 0.373619
0.180029 0.994910
0.106371 0.743195
0.264383 1.456537
0.958157 0.533768
0.676030 0.605776
-0.153058 0.196415
0.616856 1.115207
0.591652 0.941030
0.494974 0.960047
0.268035 0.194355
0.275490 0.394804
0.477912 1.304575
-0.731586 0.848207
0.757116 1.065370
0.691715 0.098567
0.452109 0.382717
0.039832 0.822574
0.598625 0.776331
0.349914 0.760579
0.397354 0.403767
0.733723 0.681556
0.785279 0.477570
0.672637 0.464063
0.451449 0.278076
1.158536 0.590521
0.874464 0.999669
1.073642 0.703501
0.734273 1.165436
0.725220 0.835232
0.717022 0.620083
0.349091 0.113539
0.874973 0.481032
0.496028 0.475899
0.641714 0.802896
0.559384 0.279181
0.705742 0.827764
0.864849 0.313163
0.104250 0.377477
0.984317 0.711035
0.140892 0.094448
0.554158 0.987545
0.454077 0.352805
0.581492 0.404134
0.486478 0.399080
0.574732 1.044844
0.762076 0.725283
0.375817 1.099059
0.638845 0.763944
-0.174546 0.677125
0.401805 0.328627
0.127035 0.295794
0.751401 0.821593
0.256301 0.313355
0.377463 0.954556
0.872024 0.718831
0.750625 0.945077
1.170301 0.911903
0.073793 0.821163
0.463292 0.288218
0.958672 0.069124
0.202325 0.881456
0.296999 0.256017
-0.135086 0.116117
0.072266 0.813176
1.005263 0.612907
0.373592 1.056397
0.102092 0.068580
0.802946 0.538149
1.093722 0.392015
-0.064741 0.402221
0.834139 0.361390
0.518647 0.284753
0.339959 0.629542
0.802290 0.601576
0.013749 0.666659
0.320432 -0.078293
0.732681 0.474813
0.159859 0.717374
-0.096453 0.939420
0.030993 0.718752
0.089807 1.212014
0.976779 0.466842
0.390362 0.136470
0.778328 0.702905
0.003810 0.764066
-0.545436 0.430186
0.495769 -0.131606
0.589437 0.073522
0.317605 0.571884
0.592044 0.801396
0.906956 0.464807
0.426935 -0.142026
0.349777 0.510301
0.306733 0.341553
0.521880 0.554604
0.283538 0.308003
0.287978 -0.004262
0.324731 0.689900
0.533295 0.387261
0.375065 0.605687
0.550693 0.246424
0.483352 0.623824
0.146434 0.528901
0.268796 0.928406
0.743320 0.518586
0.552182 0.749975
0.014084 0.330460
0.427168 0.469251
0.473230 0.756254
0.565464 0.261681
0.571581 0.515758
0.854422 0.607504
0.580359 0.620363
0.236259 0.666853
0.750552 0.709819
0.356187 0.487553
0.388446 0.465687
0.516603 0.273104
0.533419 0.729642
0.502064 0.961387
0.383342 0.380264
0.365512 0.813883
0.756325 0.669444
0.395054 0.354376
1.364849 0.557274
0.154764 0.319621
0.665630 0.808685
0.437848 0.490962
0.420102 0.680776
0.209388 0.607789
0.380656 0.851068
0.829613 0.600696
1.132736 0.947329
0.610439 0.261341
0.251295 0.844687
0.913723 0.977454
0.870578 0.612956
-0.057656 1.487943
0.273488 0.387430
-0.040921 1.100780
0.957920 1.007730
0.642390 1.321884
0.389169 0.664840
0.300792 0.270849
0.733173 -0.069193
0.370409 0.857858
0.576688 0.694025
0.288130 0.349257
0.508723 0.284580
0.703923 0.469201
1.102321 1.031987
0.410727 0.757230
0.112955 0.700762
0.157491 0.699145
0.161680 0.532061
-0.198163 0.987118
0.535854 0.411623
0.331150 0.433886
0.197049 0.652266
0.438282 0.395088
0.518150 0.430040
0.308349 0.569854
0.352524 0.668606
0.614376 0.426139
0.423626 0.576249
0.513267 0.305722
0.815391 0.403686
0.302081 0.505873
0.311371 0.565152
0.306434 0.474558
0.416771 0.524985
0.494045 0.376872
0.261672 0.625077
0.292758 0.463074
0.471602 0.441555
0.170023 0.631286
0.300946 0.670758
0.297694 0.450203
0.600452 0.446948
0.692632 0.533596
0.359027 0.633680
0.218827 0.532724
0.260690 0.271182
0.660321 0.657193
0.720457 0.465634
0.443690 0.551072
0.307376 0.458074
0.335397 0.323879
0.172043 0.552490
0.866993 0.363860
0.253364 0.442395
0.688449 0.699636
0.229180 0.655985
0.428678 0.375973
0.472819 0.840516
0.166575 0.330454
0.390688 0.527947
0.332933 0.544554
0.593625 0.604433
0.353309 0.736143
0.664371 0.771595
0.806749 0.401572
0.461203 0.260844
0.817651 0.466595
0.330680 0.422971
0.915736 0.447599
0.214499 0.740458
0.966244 0.131395
0.590062 0.640629
0.519544 0.257581
0.829033 0.282026
0.152055 0.655684
0.361008 0.195759
0.512035 0.672776
0.367871 0.553217
0.883340 0.898336
0.562451 0.623523
0.427772 0.594916
0.046407 0.771336
0.218519 0.361889
0.552557 0.455092
0.205309 0.323251
0.496703 0.694517
0.444760 0.574331
0.441554 0.424817
0.437557 0.317457
0.619600 0.729571
0.349567 0.399440
0.444727 0.285340
0.510924 0.291960
0.438207 0.548119
0.333053 0.748439
0.145085 0.722476
0.456586 0.247527
0.504870 0.525442
0.786112 0.600800
0.872467 0.599788
0.153283 0.298385
0.317531 0.769184
0.786920 0.812667
0.785572 0.390713
0.449510 0.486700
0.510681 0.570936
0.451306 0.588438
0.666098 0.610518
0.108386 0.774959
0.597283 0.648320
0.457830 0.305927
0.836174 0.831550
0.585589 0.706287
0.415151 0.570894
0.443316 0.032915
0.722075 0.194041
0.351917 0.372922
0.703075 0.558438
0.091582 -0.021721
0.941743 0.539434
0.656887 0.604022
0.241828 0.222617
0.555523 0.775704
0.174156 0.422889
0.427898 0.875785
1.185217 0.916583
1.190229 1.004628
0.882292 0.981327
0.500971 0.613475
0.846979 0.419979
0.232118 0.838854
0.621922 0.694855
0.692038 1.002227
0.425708 -0.061029
0.801633 1.007141
0.326457 0.755581
0.334285 0.414031
0.567213 0.685321
1.082859 0.082545
0.891228 0.235359
-0.185318 0.828519
0.908584 0.714288
0.006082 0.750284
0.112243 0.826561
0.552567 0.530406
0.375599 0.908160
-0.016873 0.318218
0.497743 0.602892
0.468825 0.715273
0.542554 0.390673
0.421557 0.680717
0.602875 0.609256
0.445786 0.463506
0.332176 0.322971
0.393547 0.274752
0.276144 0.305692
0.369432 0.187992
0.819548 0.535090
0.610510 0.425334
0.906748 0.639961
0.661974 0.498178
0.534483 0.622241
0.782639 0.693432
0.644376 0.580589
0.489811 0.417437
0.614836 0.742699
0.664338 0.924068
0.305605 0.742761
0.401755 0.638871
0.545383 0.492093
0.245532 0.545194
0.413109 0.514276
0.279317 0.396289
0.294968 0.688258
0.294982 0.080440
0.305605 0.742761
0.204960 0.822976
0.693660 0.222415
0.339620 1.019690
0.544447 0.418536
0.439985 0.453984
0.278535 0.397165
0.276789 0.728602
0.421164 0.992899
0.332002 0.596308
0.453865 0.466155
0.266841 0.444758
0.932249 0.226533
0.398806 0.949518
0.681480 0.394778
0.141747 0.308217
0.677784 0.893089
0.195575 0.361388
0.252674 0.841641
0.643411 0.513267
0.709591 1.110368
0.528743 1.003516
0.878014 0.652173
0.360644 0.966703
0.487514 0.267089
0.766482 0.615917
-0.112262 0.567897
0.358400 0.808571
0.324228 0.638863
0.466475 0.251281
0.304526 0.713465
0.551904 -0.143369
-0.146811 0.467821
0.892108 0.207935
-0.014795 0.455581
-0.012978 0.435305
0.236173 0.754023
0.564021 0.589045
0.278773 0.475140
0.173305 1.160291
0.426277 0.585121
0.224104 0.180008
0.260998 0.502415
0.525583 0.518239
0.758662 0.401351
0.306831 0.679325
0.358287 0.434944
0.624650 0.468340
0.378227 0.436425
0.443713 0.637839
0.601626 0.591194
0.637970 0.693258
0.430116 0.663746
0.519676 0.245741
0.584597 0.599787
0.453244 0.458666
0.553294 0.435029
0.075543 0.324200
0.327092 0.500938
1.086679 0.445343
0.639668 0.555713
0.793163 0.519170
0.801529 0.629404
0.718709 0.631914
0.687112 0.288994
0.309965 0.784992
0.621901 0.203216
0.402968 0.375167
0.233466 0.661654
0.449240 0.507704
0.718450 0.880512
0.339058 0.846816
0.667110 0.397192
0.376969 0.788517
0.964690 0.435361
0.756584 0.849711
0.282763 0.714467
0.728109 0.869699
0.267295 1.068542
0.351087 0.393678
0.233789 1.057011
0.100739 0.414426
0.541887 0.598687
0.697760 0.550168
0.964490 0.525295
0.807780 0.897996
0.768321 0.370496
0.020587 0.681170
0.710704 1.201547
0.255948 0.462193
0.640111 0.830229
0.906715 0.770439
-0.045172 0.735979
0.144644 0.122880
0.428834 1.016936
0.080697 0.034608
0.444846 0.983371
-0.307327 0.378547
0.223711 0.817647
0.444383 0.532795
0.360565 0.620045
0.264004 0.536658
0.595735 0.726828
0.777542 0.452025
0.342622 0.197945
0.354098 0.480878
0.452640 0.454522
0.582896 0.710121
0.465819 0.329480
0.400116 0.812494
0.192977 0.489709
0.599147 0.468354
0.371769 0.668413
0.342465 0.395834
0.489398 0.528135
0.341687 0.661316
0.658283 0.629569
0.397378 0.660662
0.397599 0.514070
0.461247 0.439858
0.610202 0.640308
0.733097 0.437638
0.385052 0.466456
0.621127 0.433681
0.380979 0.340151
0.314023 0.561785
0.297989 0.696460
0.294870 0.413932
0.488807 0.861476
0.282779 0.591832
0.621997 0.542138
0.311468 0.626069
0.917152 0.609532
0.656974 0.280666
0.275123 0.588966
0.480128 0.748001
0.741181 0.501188
0.557547 0.741430
0.690940 0.669958
0.342189 0.734338
0.779154 0.187799
0.474958 0.204310
0.863882 0.302922
0.323074 0.611091
0.258110 0.439294
0.101952 0.585758
0.353312 0.860244
0.107383 0.578056
0.621001 0.674658
0.267135 0.273722
0.145354 0.775075
0.548348 -0.029273
0.276881 0.223823
0.565391 0.491073
0.204451 0.830822
0.339210 0.920345
0.248148 0.064288
1.053556 -0.025506
0.218621 0.590981
0.407359 0.195253
0.009665 0.180880
0.433532 0.257239
0.011842 0.756450
0.147110 0.458860
0.789576 0.430221
0.274096 0.443376
0.581033 0.560650
0.449612 0.580281
0.349601 0.583622
0.313551 0.340536
0.294085 0.365983
0.580811 0.601542
0.514294 0.448793
0.259806 0.447551
0.565645 0.503125
0.401368 0.586512
0.371521 0.647317
0.616587 0.608153
0.285626 0.556254
0.141054 0.470171
0.436465 0.591282
0.632764 0.538345
0.264946 0.323558
0.201669 0.359149
0.311317 0.556619
0.763025 0.417389
0.208770 0.618014
0.599846 0.641302
0.278539 0.601983
0.673599 0.596316
0.272549 0.521978
0.700024 0.608142
0.115987 0.543984
0.478736 0.803292
0.044603 0.470243
0.383890 0.308927
0.215334 0.356694
0.346587 0.519790
0.308046 0.333133
0.241887 0.668286
0.336265 0.506118
0.588803 0.492968
0.523859 0.421140
0.343584 0.456645
0.439059 0.740638
0.642676 0.251630
0.469083 0.675567
0.302401 0.298099
0.340445 0.338504
0.360538 0.714715
1.146171 0.839835
0.763030 0.728239
0.611434 0.658181
0.436166 0.594038
0.227295 0.351221
0.952174 0.699209
0.198165 0.745440
0.328379 0.876839
0.281414 1.017148
0.244113 0.527731
0.422104 0.848919
0.213270 0.688140
0.342902 0.679204
0.314569 0.939076
0.284895 0.846335
0.801290 0.735370
0.419138 0.418186
0.562242 0.811990
0.178514 0.378748
0.013600 0.630779
0.191720 0.412600
0.350374 0.407922
0.254688 0.643502
0.651790 0.514816
0.427557 0.458891
0.473274 0.516651
0.338359 0.676277
0.211271 0.589924
0.640920 0.545514
0.434668 0.542450
0.384526 0.215719
0.543153 0.564656
0.653069 0.553237
0.393764 0.646559
0.346332 0.551682
0.545274 0.538879
0.187194 0.302576
0.415665 0.599964
0.352798 0.411816
0.318749 0.622512
0.363666 0.363637
0.021848 0.725346
0.739033 0.411457
0.325838 0.665564
0.495831 0.387510
0.703132 0.257108
0.651523 0.473881
0.340097 0.230397
0.141718 0.651142
0.133927 0.333979
0.217534 0.497166
0.436906 0.727501
0.326937 0.575939
0.308755 0.853077
0.174358 0.214349
0.404103 0.704748
0.687589 0.516899
0.145384 0.515294
0.288547 0.615078
0.151544 0.366863
0.436300 0.623534
0.416009 0.830517
0.396943 0.784795
0.823375 0.186504
0.242926 0.305928
0.775903 0.768089
0.604592 0.477292
0.630461 0.288790
0.590573 0.822895
0.498598 0.731664
0.157181 0.461536
0.514229 0.434861
0.051239 0.406202
0.267837 0.713501
0.371352 0.783824
0.588214 0.784863
0.188258 0.425073
0.139244 0.786132
0.515048 0.525069
0.112989 0.312858
-0.026605 0.461096
0.114388 0.776861
0.326026 0.463169
0.366190 0.535983
0.432997 0.600478
0.684778 0.642567
0.374265 0.664849
0.508374 0.672915
0.326038 0.397138
0.446834 0.446978
0.456969 0.514305
0.481144 0.634410
0.230011 0.574506
0.488782 0.531186
0.544559 0.384689
0.319989 0.587657
0.380440 0.557914
0.303621 0.460368
0.413182 0.654177
0.373968 0.412039
0.495847 0.207598
0.237307 0.483221
0.579010 0.493745
0.355922 0.645369
0.289920 0.557036
0.263994 0.634393
0.441787 0.464606
0.532012 0.520685
0.737104 0.481632
0.542594 0.559248
0.537292 0.501553
0.344982 0.335727
0.522641 0.676749
0.575561 0.533273
0.432072 0.434264
0.311465 0.659798
0.216787 0.712336
0.448064 0.635804
0.340480 0.584415
0.552861 0.678018
0.475816 0.681409
0.784914 0.667842
0.133202 0.788178
0.480630 0.335506
0.747146 0.649499
0.640816 0.266377
0.140433 0.622965
0.517919 0.627554
0.186893 0.772868
0.575264 0.734577
0.511536 0.582082
0.205358 0.631491
0.306379 0.354170
0.754293 0.348728
0.201693 0.840697
0.595236 0.516301
0.559842 0.730418
-0.009233 0.580592
0.567717 0.529965
0.371846 0.715992
0.126636 0.700047
0.025788 0.249771
0.844829 0.451635
0.036114 0.354721
0.510292 0.161633
0.558369 0.791516
0.389220 0.492460
0.582309 0.629045
0.434428 0.586676
0.426847 0.518677
0.372310 0.516703
0.425377 0.502807
0.359882 0.376553
0.396589 0.445773
0.381877 0.450140
0.541758 0.545401
0.233938 0.556741
0.590848 0.612467
0.348695 0.416131
0.438164 0.574818
0.650871 0.653198
0.182228 0.380769
0.292393 0.489254
0.382533 0.373743
0.580837 0.562222
0.325785 0.494317
0.387248 0.568839
0.445850 0.447683
0.436082 0.558650
0.549041 0.419936
0.335707 0.272334
0.425827 0.515364
0.462364 0.594628
0.313796 0.709955
0.348372 0.697903
0.524045 0.592295
0.335338 0.443655
0.526754 0.590240
0.592499 0.299993
0.852960 0.582055
0.486510 0.551430
0.358899 0.676513
0.494335 0.613069
0.351222 0.512648
0.552883 0.395254
0.273631 0.385988
0.408662 0.539590
0.412842 0.491712
0.390783 0.755001
0.329092 0.627628
0.557380 0.511562
0.444083 0.519699
0.618560 0.698777
0.444083 0.519699
0.411805 0.610143
0.356682 0.387822
0.356212 0.418080
0.580926 0.817938
0.429705 0.448070
0.780163 0.311328
0.615470 0.537049
0.594915 0.719830
0.680693 0.663100
0.223190 0.581388
0.339808 0.837224
0.135078 0.754734
0.756595 0.739922
0.559588 0.072815
0.726496 0.700837
0.725121 0.724874
0.345769 0.567232
0.381065 0.673081
0.347426 0.512129
0.502474 0.595339
0.356656 0.520431
0.433057 0.540080
0.290034 0.391291
0.605559 0.673312
0.509082 0.438271
0.540125 0.550121
0.576462 0.638430
0.423149 0.494998
0.413913 0.598453
0.481222 0.526377
0.592267 0.618081
0.653682 0.540875
0.588421 0.604372
0.285282 0.454555
0.414233 0.524240
0.516515 0.576373
0.555376 0.601818
0.411801 0.422799
0.359399 0.449646
0.681918 0.714267
0.470807 0.604181
0.217941 0.553708
0.529868 0.644759
0.324689 0.558644
0.441525 0.532229
0.388847 0.518426
0.521379 0.667424
0.397293 0.505356
0.497625 0.467430
0.497089 0.774356
0.446081 0.576986
0.425356 0.631350
0.693537 0.442393
0.448583 0.404006
0.376315 0.438281
0.675152 0.470394
0.572263 0.234343
0.150216 0.518444
0.735130 0.362787
0.386782 0.674985
0.246077 0.701884
0.303222 0.463182
0.833135 0.498094
0.357373 0.727902
0.417281 0.575362
0.248583 0.706173
0.457650 0.665182
0.677589 0.634289
0.831149 0.528550
0.997083 0.795099
0.180876 0.691421
0.213796 0.574214
0.457719 0.646126
0.372285 0.634105
0.215130 0.413002
0.724353 0.533056
0.340273 0.522528
0.641162 0.630234
1.046038 0.768740
0.691059 0.406951
0.475134 0.525736
0.437668 0.555537
0.478430 0.570696
0.482639 0.558436
0.461080 0.565759
0.494335 0.531428
0.452737 0.507889
0.443526 0.511225
0.470813 0.541611
0.492278 0.553649
0.394753 0.542736
0.399354 0.470762
0.540698 0.603589
0.393614 0.593256
0.440150 0.586218
0.486484 0.591507
0.469905 0.588117
0.493936 0.554628
0.372542 0.520800
0.500582 0.510878
0.460830 0.464193
0.576527 0.540788
0.505058 0.574748
0.450603 0.579594
0.421780 0.436927
0.493957 0.543181
0.368775 0.509866
0.371849 0.466659
0.343695 0.515494
0.468541 0.552227
0.332951 0.374295
0.507064 0.539386
0.468042 0.434316
0.562751 0.611751
0.558114 0.487119
0.613384 0.676506
0.549470 0.514288
0.416041 0.239302
0.546936 0.498546
0.316012 0.552566
0.639946 0.504437
0.422035 0.457856
0.524049 0.706820
0.543721 0.572038
0.428523 0.523561
0.437918 0.494209
0.395369 0.349310
0.541264 0.554736
0.376657 0.289871
0.216762 0.462840
0.521518 0.632445
0.417189 0.715292
0.330310 0.821378
0.222962 0.427525
0.314926 0.646022
0.507757 0.839322
0.053573 0.254513
0.613527 0.637047
0.612315 0.855340
0.927273 0.939152
0.509662 0.671627
0.647838 0.946474
0.481228 0.828038
0.287923 1.040652
0.448135 0.554257
0.451275 0.553124
0.445810 0.555443
0.451768 0.553085
0.448880 0.555596
0.445959 0.554352
0.450504 0.546617
0.451138 0.546359
0.456840 0.556849
0.448482 0.548644
0.455394 0.557624
0.456496 0.551463
0.453060 0.549502
0.451644 0.543524
0.432577 0.541114
0.449044 0.560795
0.445171 0.551576
0.456994 0.540828
0.473972 0.553206
0.429912 0.535456
0.445841 0.549330
0.466764 0.547057
0.469584 0.565273
0.484023 0.573725
0.457548 0.535679
0.456500 0.516421
0.452585 0.553745
0.484445 0.581902
0.492259 0.529393
0.474543 0.575167
0.449974 0.518943
0.506383 0.572011
0.462010 0.554281
0.446929 0.540219
0.490736 0.570745
0.423679 0.535017
0.471107 0.457403
0.526513 0.595543
0.461749 0.535620
0.459662 0.505315
0.372468 0.593843
0.346665 0.542023
0.512926 0.532496
0.473010 0.536228
0.618199 0.562850
0.256949 0.427008
0.455851 0.420127
0.406288 0.634819
0.586345 0.635253
0.496566 0.539828
0.555908 0.582196
0.333942 0.426169
0.506977 0.450125
0.277485 0.092613
0.261424 0.532580
0.300910 0.494706
0.407305 0.501166
0.139256 0.334979
0.380523 0.673731
0.439561 0.758342
0.839493 0.400125
0.617324 0.599491
0.324457 0.495345
0.401395 0.439604
0.446873 0.555203
0.447227 0.555532
0.447073 0.555784
0.447244 0.555953
0.446643 0.555186
0.447541 0.555914
0.447572 0.556249
0.447757 0.555791
0.447459 0.555686
0.447001 0.555296
0.447206 0.555251
0.447561 0.555718
0.447295 0.555360
0.446605 0.555140
0.447907 0.556397
0.446094 0.555446
0.449020 0.557339
0.448678 0.554070
0.447975 0.554835
0.448457 0.554302
0.448919 0.553891
0.452839 0.558007
0.447803 0.551168
0.473290 0.552097
0.455103 0.548100
0.452810 0.539032
0.458878 0.561603
0.450057 0.549863
0.440012 0.560498
0.431401 0.551036
0.477938 0.566134
0.515667 0.571797
0.425899 0.466361
0.499732 0.526790
0.553933 0.599172
0.398029 0.528496
0.462253 0.490987
0.514602 0.486086
0.533341 0.538775
0.366920 0.455206
0.481648 0.453616
0.463823 0.597545
0.593036 0.658148
0.484780 0.563093
0.460200 0.546588
0.490427 0.487829
0.493304 0.692442
0.471686 0.615708
0.535678 0.459605
0.499709 0.496306
0.440082 0.734046
0.327571 0.524700
0.473438 0.302921
0.543616 0.436469
0.574749 0.500820
0.369090 0.775874
0.442472 0.384979
0.158193 0.426152
0.448303 0.626524
0.623645 0.610059
0.621475 0.936320
0.785957 0.723710
0.446853 0.483176
0.706691 0.370821
0.447306 0.556080
0.446972 0.555271
0.446776 0.555506
0.446993 0.555526
0.446517 0.555341
0.447008 0.555429
0.447108 0.555668
0.447425 0.555799
0.446821 0.555431
0.447299 0.555716
0.446992 0.555374
0.447471 0.555557
0.447336 0.555483
0.447198 0.556246
0.446924 0.555733
0.447296 0.555700
0.447080 0.555757
0.447186 0.555662
0.447622 0.555669
0.447440 0.555784
0.447444 0.555804
0.447318 0.555817
0.447211 0.555727
0.446477 0.555369
0.447629 0.555506
0.447216 0.555738
0.447070 0.555253
0.447454 0.556032
0.448656 0.556159
0.447028 0.555388
0.448405 0.555249
0.447711 0.556081
0.449139 0.555112
0.446300 0.555299
0.448201 0.556115
0.446967 0.555523
0.443741 0.557093
0.447653 0.544074
0.470805 0.553785
0.460157 0.559667
0.462628 0.556961
0.440916 0.555093
0.494624 0.554060
0.431024 0.560606
0.484172 0.562272
0.452336 0.537695
0.501543 0.557651
0.514021 0.545882
0.424573 0.529851
0.406707 0.506401
0.514607 0.505937
0.596766 0.572210
0.620209 0.598141
0.549268 0.701678
0.325012 0.511649
0.557797 0.605344
0.233156 0.644198
0.449453 0.681314
0.408647 0.599633
0.269793 0.674982
0.296098 0.199994
0.434581 0.852738
0.540164 0.088966
0.415101 0.044509
0.447374 0.555884
0.446650 0.555041
0.446988 0.555597
0.446751 0.555279
0.447171 0.555104
0.446631 0.555829
0.447023 0.555328
0.446955 0.555640
0.446899 0.555922
0.447008 0.555487
0.446781 0.555629
0.446765 0.555215
0.447212 0.555836
0.447287 0.555782
0.447259 0.555743
0.446916 0.555761
0.447274 0.555384
0.447343 0.555426
0.447288 0.555620
0.447185 0.555742
0.447688 0.555822
0.447434 0.555128
0.448015 0.555900
0.447212 0.555752
0.447217 0.555962
0.446951 0.555516
0.446526 0.555629
0.448016 0.556016
0.448975 0.556430
0.448834 0.555238
0.445550 0.555140
0.448858 0.555678
0.448696 0.552203
0.456363 0.559831
0.469682 0.550606
0.451773 0.552447
0.454630 0.558916
0.459777 0.547633
0.443402 0.559844
0.463651 0.548726
0.485478 0.560657
0.430758 0.532792
0.472638 0.556379
0.401207 0.554352
0.418673 0.494206
0.381195 0.491784
0.547344 0.607108
0.420541 0.524305
0.398313 0.390466
0.363563 0.422438
0.658362 0.658847
0.355690 0.555866
0.527855 0.576937
0.406105 0.513335
0.458668 0.465337
0.566724 0.571929
0.475137 0.651063
0.423745 0.354891
0.791436 0.379178
0.203786 0.478972
0.303181 0.697684
0.290991 0.695979
0.561873 0.591831
0.086707 0.358399
0.446846 0.555615
0.446846 0.555615
0.446846 0.555615
0.446846 0.555615
0.446846 0.555615
0.446846 0.555615
0.446846 0.555615
0.446846 0.555615
0.446846 0.555615
0.446846 0.555615
0.446846 0.555615
0.446846 0.555615
0.446846 0.555615
0.446846 0.555615
0.446846 0.555615
0.446846 0.555615
0.446846 0.555615
0.446846 0.555615
0.446846 0.555615
0.446846 0.555615
0.446846 0.555615
0.446846 0.555615
0.446846 0.555615
0.446846 0.555615
0.446846 0.555615
0.446846 0.555615
0.446846 0.555615
0.446846 0.555615
0.446846 0.555615
0.446846 0.555615
0.446846 0.555615
0.446846 0.555615
0.446846 0.555615
0.446846 0.555615
0.446846 0.555615
0.446846 0.555615
0.446846 0.555615
0.446846 0.555615
0.446846 0.555615
0.446846 0.555615
0.446846 0.555615
0.446846 0.555615
0.446846 0.555615
0.446846 0.555615
0.446846 0.555615
0.446846 0.555615
0.447381 0.555656
1.679552 1.672879
