-7.663994598388671875e+01 1.783681106567382812e+01
5.508869552612304688e+01 2.497807312011718750e+01
-9.017190551757812500e+01 1.943923759460449219e+01
-4.424961853027343750e+01 -1.632250785827636719e+01
-9.306429290771484375e+01 4.481963729858398438e+01
-9.719082641601562500e+01 3.563168334960937500e+01
-4.319131469726562500e+01 -2.283596038818359375e+01
1.031438217163085938e+02 1.621910285949707031e+01
-5.100877285003662109e+00 3.588713073730468750e+01
9.651379585266113281e+00 5.709457397460937500e+01
-7.248306274414062500e+01 -3.684780883789062500e+01
2.540515518188476562e+01 -3.380978012084960938e+01
-5.873134994506835938e+01 -2.745412111282348633e+00
1.248697891235351562e+02 6.997755050659179688e+00
5.357096481323242188e+01 3.258337402343750000e+01
-1.118175888061523438e+02 3.343394088745117188e+01
-1.228815994262695312e+02 4.902939605712890625e+01
7.733569335937500000e+01 1.028282356262207031e+01
9.952567291259765625e+01 8.638271331787109375e+00
-1.494852600097656250e+02 6.130707168579101562e+01
-7.580897521972656250e+01 -1.194866371154785156e+01
-1.220563201904296875e+02 4.903234863281250000e+01
3.582490921020507812e+01 3.643175506591796875e+01
3.896633529663085938e+01 2.174670791625976562e+01
2.785962104797363281e+01 -3.271593093872070312e+01
-1.161032104492187500e+02 4.312595367431640625e+01
-8.085800170898437500e+01 2.594555473327636719e+01
-4.754765701293945312e+01 -5.462517738342285156e+00
8.198891448974609375e+01 2.004412269592285156e+01
1.137990570068359375e+02 -8.694508552551269531e+00
1.041738815307617188e+02 3.029054641723632812e+01
3.081780815124511719e+01 -2.213851213455200195e+00
3.691000366210937500e+01 4.022922515869140625e+01
7.839533233642578125e+01 2.113490295410156250e+01
-4.909235763549804688e+01 -8.718623161315917969e+00
-8.033635711669921875e+01 -5.746843814849853516e-01
1.198241271972656250e+02 1.457432365417480469e+01
6.099590659141540527e-01 4.676089859008789062e+01
-4.745237731933593750e+01 -1.903107643127441406e+01
1.414225921630859375e+02 4.314518737792968750e+01
1.774400138854980469e+01 5.927704238891601562e+01
7.839533233642578125e+01 2.113490295410156250e+01
-6.510034942626953125e+01 -3.145819091796875000e+01
-6.109199142456054688e+01 1.081227207183837891e+01
-9.306429290771484375e+01 4.481963729858398438e+01
1.273122863769531250e+02 3.671450424194335938e+01
1.276278781890869141e+01 5.548113632202148438e+01
3.623183822631835938e+01 -1.123151063919067383e+00
-7.032337188720703125e+01 -3.360905075073242188e+01
-7.235753631591796875e+01 -3.847003936767578125e+01
1.798032188415527344e+01 -2.294040107727050781e+01
-1.129700698852539062e+02 5.337592697143554688e+01
1.154442520141601562e+02 -8.693325042724609375e+00
-5.778012084960937500e+01 -3.418338394165039062e+01
-4.918143844604492188e+01 -5.461777210235595703e+00
-1.007375564575195312e+02 2.590423774719238281e+01
2.376496124267578125e+01 3.700929641723632812e+01
3.117050552368164062e+01 2.937829780578613281e+01
-1.109096984863281250e+02 3.235749435424804688e+01
6.871367645263671875e+01 2.603596305847167969e+01
-5.733776092529296875e+01 -2.497740364074707031e+01
8.016522216796875000e+01 1.299396419525146484e+01
1.264453887939453125e+02 3.563721084594726562e+01
1.165797119140625000e+02 -2.739351749420166016e+00
-7.488846588134765625e+01 1.079995632171630859e+01
8.077193450927734375e+01 2.601081275939941406e+01
1.005752639770507812e+02 5.386136531829833984e+00
-1.116869049072265625e+02 4.098381423950195312e+01
-1.223555755615234375e+02 4.579927062988281250e+01
2.308686828613281250e+01 3.701123428344726562e+01
-7.439923095703125000e+01 6.467238426208496094e+00
3.664547729492187500e+01 3.697251510620117188e+01
-6.346434020996093750e+01 -1.141877174377441406e+01
-2.287830591201782227e+00 5.704718017578125000e+01
7.819297027587890625e+01 2.330482482910156250e+01
-1.220140228271484375e+02 3.717981719970703125e+01
2.534823417663574219e+00 4.188327407836914062e+01
-8.887840270996093750e+01 1.403306674957275391e+01
2.356139373779296875e+01 4.135649490356445312e+01
-1.178474044799804688e+02 3.395730209350585938e+01
2.921782875061035156e+01 4.079580688476562500e+01
7.794005584716796875e+01 1.299634647369384766e+01
-1.254527330398559570e+00 5.416652202606201172e+00
-1.072014923095703125e+02 4.315480804443359375e+01
-7.692577362060546875e+01 1.837768936157226562e+01
-1.119537277221679688e+02 4.637362289428710938e+01
5.646414184570312500e+01 1.954235839843750000e+01
1.683378028869628906e+01 2.614442443847656250e+01
-1.001352462768554688e+02 2.590548896789550781e+01
1.456566619873046875e+02 -3.672866821289062500e+01
3.158503341674804688e+01 -1.801521682739257812e+01
1.683378028869628906e+01 2.614442443847656250e+01
-6.893035125732421875e+01 1.838968658447265625e+01
-4.205208587646484375e+01 -4.921864032745361328e+00
-7.248306274414062500e+01 -3.684780883789062500e+01
1.040379562377929688e+02 4.704828643798828125e+01
1.266421890258789062e+02 7.537457942962646484e+00
1.385994052886962891e+01 5.223236846923828125e+01
-7.160845184326171875e+01 -3.955341720581054688e+01
1.265354995727539062e+02 3.617684555053710938e+01
2.867740440368652344e+01 -2.400934219360351562e+01
-7.540032958984375000e+01 8.633174896240234375e+00
-7.363197326660156250e+01 4.056188964843750000e+01
-1.038082656860351562e+02 2.535793685913085938e+01
2.955074548721313477e+00 3.971252059936523438e+01
1.683378028869628906e+01 2.614442443847656250e+01
-7.889245605468750000e+01 4.270652389526367188e+01
7.334873962402343750e+01 5.398322105407714844e+00
2.788813591003417969e+01 4.134293746948242188e+01
1.441594123840332031e+00 4.350822448730468750e+01
-4.717015457153320312e+01 -2.120143699645996094e+01
6.350902557373046875e+00 6.510698318481445312e+00
1.221656570434570312e+02 -1.788238906860351562e+01
-5.873134994506835938e+01 -2.745412111282348633e+00
1.124394073486328125e+02 -7.612784862518310547e+00
-9.992587280273437500e+01 3.130569839477539062e+01
7.794005584716796875e+01 1.299634647369384766e+01
3.581816482543945312e+01 4.131810379028320312e+01
1.213997268676757812e+02 2.484527206420898438e+01
1.888651084899902344e+01 -3.382700729370117188e+01
9.855195617675781250e+01 9.180924415588378906e+00
-5.985448837280273438e+01 -3.287522315979003906e+00
-4.915585327148437500e+01 -1.577338695526123047e+01
-9.030879211425781250e+01 1.349057769775390625e+01
-4.764200592041015625e+01 -9.805318832397460938e+00
7.669683837890625000e+01 1.245484638214111328e+01
-8.387754821777343750e+01 3.404750061035156250e+01
-7.097364807128906250e+01 -3.360734176635742188e+01
1.273122863769531250e+02 3.671450424194335938e+01
1.003792724609375000e+02 1.351412200927734375e+01
9.277429199218750000e+01 5.573221969604492188e+01
-6.074133682250976562e+01 -3.309297561645507812e+01
3.067577552795410156e+01 5.976588439941406250e+01
9.737032890319824219e+00 5.655310058593750000e+01
-1.223293838500976562e+02 3.771778106689453125e+01
1.110475921630859375e+02 -5.747103095054626465e-01
8.463522911071777344e+00 1.032928848266601562e+01
-8.253450012207031250e+01 3.513187026977539062e+01
6.907433319091796875e+01 2.929006576538085938e+01
-7.034583282470703125e+01 8.094957351684570312e+00
3.039430809020996094e+01 2.829224205017089844e+01
2.840225791931152344e+01 4.731110000610351562e+01
3.994160461425781250e+01 4.076258850097656250e+01
-3.816514205932617188e+01 -3.836790800094604492e+00
-1.116869049072265625e+02 4.098381423950195312e+01
3.756272125244140625e+01 5.540682983398437500e+01
1.447989349365234375e+02 -3.780946731567382812e+01
-6.267403030395507812e+01 -3.849862670898437500e+01
2.540515518188476562e+01 -3.380978012084960938e+01
7.785929107666015625e+01 2.384779548645019531e+01
1.218696289062500000e+02 2.538480949401855469e+01
-6.116529464721679688e+01 1.623336601257324219e+01
-6.348976516723632812e+01 -3.254465866088867188e+01
-1.127266464233398438e+02 4.960463714599609375e+01
1.000307388305664062e+02 5.386380195617675781e+00
-5.635740160942077637e-01 3.970185470581054688e+01
3.420237064361572266e+00 3.699767684936523438e+01
-8.224788665771484375e+01 2.756491088867187500e+01
-7.619206237792968750e+01 3.758208513259887695e+00
-7.888299560546875000e+01 -7.072771549224853516e+00
-9.052812957763671875e+01 2.970808792114257812e+01
1.379374847412109375e+02 3.614491271972656250e+01
-8.905609893798828125e+01 3.943446350097656250e+01
4.688419818878173828e+00 7.600231647491455078e+00
1.126876373291015625e+02 -1.116035699844360352e+00
-7.121481323242187500e+01 1.838625907897949219e+01
-7.379091644287109375e+01 -4.224891281127929688e+01
6.692335510253906250e+01 4.825960922241210938e+01
-9.361669921875000000e+01 3.024098968505859375e+01
4.754400253295898438e+01 4.019665908813476562e+01
3.063942527770996094e+01 -2.999015045166015625e+01
-8.790004730224609375e+01 4.321743011474609375e+01
-4.356371688842773438e+01 -3.291974782943725586e+00
1.753672637939453125e+02 -3.664442443847656250e+01
1.349554443359375000e+02 -2.974334144592285156e+01
5.508869552612304688e+01 2.497807312011718750e+01
3.265497589111328125e+01 4.024225997924804688e+01
1.526803741455078125e+02 -2.754504585266113281e+01
1.276900253295898438e+02 3.509391021728515625e+01
4.820681381225585938e+01 1.520435428619384766e+01
-8.722036743164062500e+01 2.106627082824707031e+01
-9.801142883300781250e+01 2.969047355651855469e+01
3.352063751220703125e+01 -1.123404264450073242e+00
1.346239280700683594e+01 4.137457656860351562e+01
1.107986297607421875e+02 -7.613820075988769531e+00
1.212492065429687500e+02 1.403177738189697266e+01
5.001829528808593750e+01 2.607499885559082031e+01
-8.251807403564453125e+01 2.918632888793945312e+01
-8.990445709228515625e+01 2.970955657958984375e+01
-1.023176193237304688e+02 2.104047203063964844e+01
-7.485202026367187500e+01 8.633566856384277344e+00
1.152299194335937500e+02 -3.357318496704101562e+01
6.206968307495117188e+00 1.196286201477050781e+01
-1.874464631080627441e+00 7.596099376678466797e+00
3.922685241699218750e+01 4.076480102539062500e+01
2.654695320129394531e+01 -2.673515510559082031e+01
1.404863891601562500e+02 4.045221710205078125e+01
1.396437072753906250e+01 1.197052001953125000e+01
2.019012451171875000e+01 4.462562179565429688e+01
2.953321266174316406e+01 3.101370048522949219e+01
-1.054169006347656250e+02 3.992458343505859375e+01
3.080730247497558594e+01 -5.785565376281738281e-01
-1.049434967041015625e+02 3.884718704223632812e+01
-6.550357055664062500e+01 1.839483261108398438e+01
-1.587704062461853027e+00 4.621093368530273438e+01
1.145667114257812500e+02 2.215475845336914062e+01
3.226997137069702148e+00 4.568482971191406250e+01
1.154442520141601562e+02 -8.693325042724609375e+00
1.210348510742187500e+02 3.133074569702148438e+01
3.581661224365234375e+01 3.371558761596679688e+01
1.151930999755859375e+02 4.838338851928710938e+00
-8.387754821777343750e+01 3.404750061035156250e+01
-1.223293838500976562e+02 3.771778106689453125e+01
-7.173898315429687500e+01 1.134448242187500000e+01
-5.985448837280273438e+01 -3.287522315979003906e+00
1.254159698486328125e+02 6.997437953948974609e+00
7.794005584716796875e+01 1.299634647369384766e+01
-7.150522613525390625e+01 4.218986511230468750e+01
-3.661077880859375000e+01 -4.924087524414062500e+00
1.673093795776367188e+01 -1.094698143005371094e+01
6.993266296386718750e+01 2.332037162780761719e+01
3.677408218383789062e+01 -1.123100519180297852e+00
1.219956512451171875e+02 1.186756515502929688e+01
1.114710540771484375e+02 -8.154794692993164062e+00
1.385195770263671875e+02 3.776153182983398438e+01
-7.078791046142578125e+01 4.273258972167968750e+01
-3.518050003051757812e+01 -7.098443984985351562e+00
-1.228815994262695312e+02 4.902939605712890625e+01
-6.109199142456054688e+01 1.081227207183837891e+01
2.818554115295410156e+01 2.503214073181152344e+01
-1.220563201904296875e+02 4.903234863281250000e+01
1.407134399414062500e+02 4.206914138793945312e+01
-9.642330169677734375e+01 4.049164962768554688e+01
-9.611042022705078125e+01 4.157193756103515625e+01
-4.682681083679199219e+00 5.595470809936523438e+01
-2.872421264648437500e+00 4.871013641357421875e+00
7.752888488769531250e+01 1.733849906921386719e+01
-6.446537780761718750e+01 -3.145976448059082031e+01
1.136615982055664062e+02 -8.153314590454101562e+00
4.168375492095947266e+00 6.509519577026367188e+00
5.794211387634277344e+00 7.055668830871582031e+00
-6.455291748046875000e+01 9.183011054992675781e+00
-7.692577362060546875e+01 1.837768936157226562e+01
1.454882025718688965e+00 5.962967872619628906e+00
1.219968032836914062e+02 2.484407997131347656e+01
9.658851623535156250e+00 6.305163955688476562e+01
1.683378028869628906e+01 2.614442443847656250e+01
6.896535396575927734e+00 6.510993003845214844e+00
-5.228324127197265625e+01 -2.336131668090820312e+01
9.816252136230468750e+01 1.893442344665527344e+01
-3.682052612304687500e+01 -1.090065574645996094e+01
-1.180513076782226562e+02 3.449586868286132812e+01
6.795525550842285156e+00 5.220594024658203125e+01
1.209442138671875000e+02 1.457298183441162109e+01
-5.838322830200195312e+01 4.871992111206054688e+01
-6.383039474487304688e+01 -3.146133804321289062e+01
2.508860778808593750e+01 -1.311995792388916016e+01
1.197222213745117188e+02 -5.742959976196289062e-01
4.926098251342773438e+01 2.553319549560546875e+01
9.875327301025390625e+01 7.554899215698242188e+00
1.562670040130615234e+01 3.812005615234375000e+01
4.820681381225585938e+01 1.520435428619384766e+01
-7.162391662597656250e+01 -3.360563278198242188e+01
8.326486968994140625e+01 1.895743751525878906e+01
1.245961685180664062e+02 8.079551696777343750e+00
2.818554115295410156e+01 2.503214073181152344e+01
-6.039249038696289062e+01 3.220805406570434570e+00
7.470390319824218750e+01 4.119649887084960938e+01
1.215378036499023438e+02 2.430448722839355469e+01
-1.070243911743164062e+02 3.506502532958984375e+01
3.461212539672851562e+01 3.697832107543945312e+01
3.461212539672851562e+01 3.697832107543945312e+01
-1.238468170166015625e+02 4.848733901977539062e+01
4.885540008544921875e+01 1.574749660491943359e+01
-9.115178680419921875e+01 2.970661926269531250e+01
-1.017369995117187500e+02 2.104146385192871094e+01
1.207024230957031250e+02 -9.771474838256835938e+00
1.005033416748046875e+02 4.844243526458740234e+00
7.694039154052734375e+01 3.469092178344726562e+01
-8.917419433593750000e+01 3.997405242919921875e+01
9.487451171875000000e+01 6.652212524414062500e+01
-1.519053554534912109e+01 1.466247558593750000e+01
4.394327545166015625e+01 1.684210014343261719e+01
1.153798980712890625e+02 -3.322010487318038940e-02
-9.311765289306640625e+01 4.643825531005859375e+01
-5.294740295410156250e+01 -2.769593429565429688e+01
4.224444580078125000e+01 1.684444427490234375e+01
2.019012451171875000e+01 4.462562179565429688e+01
-9.306429290771484375e+01 4.481963729858398438e+01
-3.443378210067749023e+00 4.240704345703125000e+01
3.953432083129882812e+01 -3.846326828002929688e+00
5.449097442626953125e+01 2.497927284240722656e+01
-1.053665466308593750e+02 2.049525642395019531e+01
7.294992065429687500e+01 1.897338676452636719e+01
-4.259621429443359375e+01 -4.921641349792480469e+00
-4.781539916992187500e+01 -1.119158864021301270e+00
-5.843477249145507812e+01 -3.418163681030273438e+01
1.644235992431640625e+01 4.843826675415039062e+01
8.467632293701171875e+01 2.546072006225585938e+01
-3.469575500488281250e+01 -7.642170429229736328e+00
1.477962646484375000e+02 -2.377990913391113281e+01
8.569487762451171875e+01 2.058024597167968750e+01
-5.051660919189453125e+01 5.094846487045288086e-01
7.949760437011718750e+00 4.515807723999023438e+01
1.312149963378906250e+02 3.184548187255859375e+01
-1.574898147583007812e+01 2.825485610961914062e+01
1.025056533813476562e+02 3.217900753021240234e+00
2.674102783203125000e+01 6.086478424072265625e+01
-3.835659790039062500e+01 -1.307193470001220703e+01
8.018003082275390625e+01 1.679220771789550781e+01
-3.684440612792968750e+00 4.077808761596679688e+01
1.266421890258789062e+02 7.537457942962646484e+00
-3.469575500488281250e+01 -7.642170429229736328e+00
8.326486968994140625e+01 1.895743751525878906e+01
-6.605878448486328125e+01 1.080783653259277344e+01
-8.002371978759765625e+01 2.161962890625000000e+01
-5.766387176513671875e+01 -2.551855659484863281e+01
-6.404529571533203125e+01 4.491666030883789062e+01
1.206593933105468750e+02 2.322505760192871094e+01
2.410017967224121094e+01 5.491738891601562500e+01
5.259638309478759766e+00 6.510108947753906250e+00
3.677408218383789062e+01 -1.123100519180297852e+00
1.024021224975585938e+02 1.592344284057617188e+00
1.774400138854980469e+01 5.927704238891601562e+01
2.953321266174316406e+01 3.101370048522949219e+01
5.526507949829101562e+01 2.552089500427246094e+01
-6.016435623168945312e+01 -3.742396545410156250e+01
-5.051660919189453125e+01 5.094846487045288086e-01
2.065689325332641602e+00 4.405298995971679688e+01
1.035175991058349609e+01 4.408030700683593750e+01
-7.870336914062500000e+01 3.352067947387695312e+01
9.669486999511718750e+01 4.845775127410888672e+00
2.499935531616210938e+01 6.249602508544921875e+01
3.322584533691406250e+01 3.046098709106445312e+01
1.670255279541015625e+01 5.982297515869140625e+01
9.425686836242675781e+00 4.570585250854492188e+01
3.493783950805664062e+01 4.077808761596679688e+01
5.526507949829101562e+01 2.552089500427246094e+01
7.738375854492187500e+01 1.299694252014160156e+01
-1.230138702392578125e+02 3.771579360961914062e+01
-1.977105379104614258e+00 4.241173171997070312e+01
-4.915437316894531250e+01 -2.174036026000976562e+01
4.248603820800781250e+01 1.847649574279785156e+01
2.850272178649902344e+01 4.079802322387695312e+01
-8.328533172607421875e+01 3.296823120117187500e+01
-1.140283660888671875e+02 4.690543746948242188e+01
2.802640342712402344e+01 4.568482971191406250e+01
-4.205208587646484375e+01 -4.921864032745361328e+00
1.383778381347656250e+02 -3.513097000122070312e+01
2.343295288085937500e+01 4.027052688598632812e+01
1.735172462463378906e+01 5.114778137207031250e+01
-4.682681083679199219e+00 5.595470809936523438e+01
1.106826553344726562e+02 -7.072451114654541016e+00
-4.663787841796875000e+01 -2.391430091857910156e+01
-8.273774719238281250e+01 2.810451889038085938e+01
-9.595292663574218750e+01 3.617496490478515625e+01
1.011999511718750000e+02 5.927745819091796875e+00
-1.216219863891601562e+02 3.879758071899414062e+01
-6.813939666748046875e+01 -3.469669723510742188e+01
1.164641723632812500e+02 -3.321710973978042603e-02
1.171849975585937500e+02 3.188065910339355469e+01
1.040379562377929688e+02 4.704828643798828125e+01
1.247124786376953125e+02 1.024263286590576172e+01
-4.663787841796875000e+01 -2.391430091857910156e+01
-8.138953399658203125e+01 2.864825248718261719e+01
3.896633529663085938e+01 2.174670791625976562e+01
1.456566619873046875e+02 -3.672866821289062500e+01
-7.299133300781250000e+01 4.300975799560546875e+00
1.327736206054687500e+02 3.400062561035156250e+01
1.127726268768310547e+01 4.331180572509765625e+00
1.562670040130615234e+01 3.812005615234375000e+01
7.652699279785156250e+01 2.927274513244628906e+01
-9.772595214843750000e+01 2.591049194335937500e+01
-9.393953704833984375e+01 4.157876968383789062e+01
-7.451017761230468750e+01 3.217029809951782227e+00
-4.319131469726562500e+01 -2.283596038818359375e+01
-9.591870117187500000e+01 1.943013954162597656e+01
-1.245320053100585938e+02 4.902349472045898438e+01
-3.661077880859375000e+01 -4.924087524414062500e+00
4.701720237731933594e+00 7.055029869079589844e+00
-7.498624420166015625e+01 9.175086021423339844e+00
-6.879806518554687500e+01 -3.469491577148437500e+01
2.394608688354492188e+01 3.863908386230468750e+01
8.304305267333984375e+01 2.112693405151367188e+01
-6.952758026123046875e+01 -2.062150192260742188e+01
6.570526123046875000e+01 2.875537109375000000e+01
2.884982109069824219e+01 -2.564185523986816406e+01
5.833022117614746094e+00 4.874535083770751953e+00
8.852265357971191406e+00 5.600777435302734375e+01
1.062101974487304688e+02 -6.533424854278564453e+00
-7.580897521972656250e+01 -1.194866371154785156e+01
-7.362766265869140625e+01 1.025943756103515625e+01
-1.212826538085937500e+02 3.825971221923828125e+01
5.568640899658203125e+01 2.497687339782714844e+01
1.003792724609375000e+02 1.351412200927734375e+01
6.871367645263671875e+01 2.603596305847167969e+01
1.445446777343750000e+02 -3.727102279663085938e+01
7.744416809082031250e+01 2.872854614257812500e+01
-5.110275650024414062e+01 -2.336354255676269531e+01
-7.719468688964843750e+01 4.055090332031250000e+01
4.795163726806640625e+01 2.933920478820800781e+01
-9.685384368896484375e+01 4.966190338134765625e+01
-1.185003204345703125e+02 3.395557022094726562e+01
-6.035961914062500000e+01 -2.745040655136108398e+00
-7.692577362060546875e+01 1.837768936157226562e+01
-9.052812957763671875e+01 2.970808792114257812e+01
2.441762351989746094e+01 -2.238386154174804688e+01
1.158355045318603516e+01 5.764405441284179688e+01
-4.190589904785156250e+01 -2.749253273010253906e+00
3.455012512207031250e+01 -1.310973834991455078e+01
-8.447699737548828125e+01 4.646792984008789062e+01
-7.005558776855468750e+01 1.947111511230468750e+01
4.718020248413085938e+01 2.445041847229003906e+01
-5.375137329101562500e+01 -2.498460388183593750e+01
7.828370666503906250e+01 2.221992683410644531e+01
-3.530966186523437500e+01 -8.185185432434082031e+00
1.501265716552734375e+02 -3.294255447387695312e+01
-7.078791046142578125e+01 4.273258972167968750e+01
4.718020248413085938e+01 2.445041847229003906e+01
-6.326324844360351562e+01 4.545982360839843750e+01
1.178779697418212891e+01 4.517097473144531250e+01
9.207085609436035156e+00 5.384133148193359375e+01
1.297665977478027344e+01 5.222906112670898438e+01
-2.287830591201782227e+00 5.704718017578125000e+01
2.106026840209960938e+01 -3.852233648300170898e+00
6.692335510253906250e+01 4.825960922241210938e+01
-9.994127655029296875e+01 1.942377471923828125e+01
8.553482055664062500e+00 4.875636577606201172e+00
1.001098861694335938e+02 5.928281784057617188e+00
-1.171450424194335938e+02 3.827186965942382812e+01
-4.746621322631835938e+01 -1.577557373046875000e+01
2.575468635559082031e+01 -2.455944442749023438e+01
8.256577301025390625e+01 2.004318046569824219e+01
1.250786743164062500e+02 5.375193595886230469e+00
1.296068267822265625e+02 6.205843353271484375e+01
-3.376685142517089844e+00 5.325152206420898438e+01
-4.781539916992187500e+01 -1.119158864021301270e+00
-3.982097244262695312e+01 -1.850006866455078125e+01
2.376496124267578125e+01 3.700929641723632812e+01
-7.172936248779296875e+01 -3.306449890136718750e+01
8.423900604248046875e+01 2.871302986145019531e+01
-6.605878448486328125e+01 1.080783653259277344e+01
-9.322921752929687500e+00 3.858984375000000000e+01
1.159220352172851562e+02 -3.321860730648040771e-02
5.771406555175781250e+01 2.388655471801757812e+01
-9.230487823486328125e+01 3.834492874145507812e+01
1.030762405395507812e+02 1.730230522155761719e+01
1.125663299560546875e+02 -8.154054641723632812e+00
-9.747502899169921875e+01 2.807154273986816406e+01
1.033444976806640625e+01 5.926414108276367188e+01
-6.747560024261474609e+00 3.696864700317382812e+01
2.160362434387207031e+01 -3.852059602737426758e+00
1.247124786376953125e+02 1.024263286590576172e+01
-6.316066360473632812e+01 1.026831817626953125e+01
-5.090450286865234375e+01 -2.173727798461914062e+01
3.101512908935546875e+01 -1.801605606079101562e+01
-1.002107315063476562e+02 2.536526298522949219e+01
3.344011306762695312e+01 3.480863571166992188e+01
7.290755462646484375e+01 3.361795425415039062e+01
-7.095291900634765625e+01 -3.090269088745117188e+01
-8.009767150878906250e+01 2.648799324035644531e+01
7.904411315917968750e+01 2.384551811218261719e+01
7.196340942382812500e+01 3.416242218017578125e+01
4.945254516601562500e+01 5.590174865722656250e+01
-7.898501586914062500e+01 4.324637603759765625e+01
1.206905059814453125e+02 1.403242206573486328e+01
2.676714324951171875e+01 -2.891129112243652344e+01
4.406007766723632812e+01 5.646417617797851562e+01
1.131915664672851562e+02 2.269815635681152344e+01
5.356577301025390625e+01 2.389454460144042969e+01
-5.682812881469726562e+01 -1.142502880096435547e+01
7.363158416748046875e+01 1.571552467346191406e+01
8.793099212646484375e+01 2.274455833435058594e+01
1.449810333251953125e+02 -3.673058319091796875e+01
1.074395065307617188e+02 2.108514595031738281e+01
1.206593933105468750e+02 2.322505760192871094e+01
4.062337493896484375e+01 2.119978141784667969e+01
1.159817810058593750e+02 -3.195001411437988281e+01
-6.499665069580078125e+01 -8.707150459289550781e+00
1.140801849365234375e+02 -7.611749649047851562e+00
3.955061340332031250e+01 -4.391002178192138672e+00
7.196340942382812500e+01 3.416242218017578125e+01
9.587070465087890625e+01 1.893796157836914062e+01
2.605694770812988281e+01 -3.380805587768554688e+01
1.003792724609375000e+02 1.351412200927734375e+01
-7.720927429199218750e+01 1.783598136901855469e+01
7.103381633758544922e+00 5.058046340942382812e+01
-9.800547027587890625e+01 3.023049163818359375e+01
-1.007375564575195312e+02 2.590423774719238281e+01
7.982502746582031250e+01 1.570754146575927734e+01
2.090163993835449219e+01 4.408030700683593750e+01
-1.803161352872848511e-01 5.962158679962158203e+00
2.308686828613281250e+01 3.701123428344726562e+01
1.562670040130615234e+01 3.812005615234375000e+01
1.000174484252929688e+02 1.405630302429199219e+01
8.287605285644531250e+01 2.546439933776855469e+01
7.103381633758544922e+00 5.058046340942382812e+01
-5.389297485351562500e+01 -2.064771270751953125e+01
-6.756785583496093750e+01 1.026457786560058594e+01
-8.896248626708984375e+01 2.106329154968261719e+01
