0.799988 0.479973
0.285967 0.910779
0.652703 0.836855
0.603096 0.784805
0.271538 0.308251
0.407981 0.826016
0.790877 0.559994
0.362369 0.327524
0.730708 0.694917
0.571923 0.428496
0.289696 0.311154
0.729209 0.138984
0.575696 0.835868
0.694887 0.616175
0.476052 0.291258
0.648743 0.730737
0.516762 0.846027
0.621038 0.210173
0.167485 0.259526
0.235114 0.324649
0.769934 0.892585
0.407832 0.342996
0.761202 0.854525
0.594338 0.704875
0.779064 0.156964
0.580230 0.203464
0.822965 0.532920
0.262453 0.308411
0.854329 0.458123
0.706892 0.180337
0.824570 0.190989
0.626707 0.590712
0.212504 0.308862
0.765738 0.852857
0.426064 0.296240
0.625580 0.212544
0.426106 0.231132
0.453335 0.320875
0.747331 0.893525
0.416920 0.357916
0.865238 0.189434
0.652664 0.843987
0.206832 0.552644
0.626205 0.695277
0.248699 0.332507
0.284971 0.351861
0.626264 0.683080
0.927040 0.465510
0.435180 0.810381
0.813603 0.476694
0.339553 0.354005
0.516768 0.842743
0.885980 0.445128
0.768458 0.519235
0.657234 0.836441
0.389589 0.368505
0.950260 0.525687
0.994454 0.415000
0.711560 0.837249
0.562296 0.773402
0.702367 0.180339
0.859863 0.103857
0.768289 0.539871
0.761218 0.852485
0.658347 0.637579
0.795385 0.564655
0.733595 0.120912
0.800259 0.510508
0.797380 0.184142
0.781568 0.584668
0.430515 0.559911
0.797380 0.184142
0.430520 0.569673
0.772618 0.567047
0.694887 0.616175
0.122091 0.270086
0.932007 0.504079
0.198872 0.311141
0.330449 0.354922
0.321564 0.293458
0.266905 0.326710
0.620812 0.161589
0.380483 0.368122
0.557753 0.774505
0.181371 0.820193
0.603175 0.272504
0.788899 0.249417
0.819239 0.103415
0.612589 0.689988
0.594150 0.285921
0.616952 0.730360
0.197792 0.564257
0.667211 0.678439
0.754313 0.579808
0.756120 0.113427
0.785857 0.614953
0.949819 0.564366
0.782105 0.521346
0.859863 0.103857
0.805935 0.129838
0.539782 0.699657
0.666107 0.170266
0.535014 0.246610
0.185228 0.315230
0.626088 0.719670
0.671666 0.693718
0.818168 0.478566
0.781801 0.481233
0.535077 0.273044
0.535018 0.248262
0.827513 0.533049
0.843264 0.784374
0.426064 0.296240
0.648858 0.709419
0.774152 0.109718
0.266922 0.323211
0.797437 0.190652
0.899799 0.464259
0.571156 0.838434
0.235248 0.301241
0.535069 0.269739
0.562290 0.775074
0.603038 0.239963
0.389823 0.812492
0.535081 0.274696
0.818480 0.526015
0.172020 0.259197
0.702367 0.180339
0.661591 0.171846
0.815438 0.181256
0.945723 0.525584
0.769628 0.108652
0.339553 0.354005
0.367050 0.268456
0.845326 0.466562
0.625530 0.202095
0.181371 0.820193
0.617102 0.697490
0.818480 0.526015
0.786166 0.459661
0.544100 0.250598
0.453335 0.320875
0.376017 0.325146
0.649623 0.567242
0.439690 0.328976
0.593833 0.205911
0.774550 0.157652
0.512369 0.766886
0.348954 0.245025
0.776954 0.445934
0.312523 0.282088
0.813603 0.476694
0.366916 0.327846
0.503250 0.247616
0.666107 0.170266
0.589501 0.780731
0.525990 0.767922
0.000000 0.255765
0.453335 0.319249
0.784082 0.822932
0.767834 0.595562
0.843264 0.784374
0.507711 0.838658
0.439657 0.584280
0.854474 0.565687
0.566827 0.775668
0.658478 0.614274
0.774915 0.201446
0.707020 0.199244
0.394023 0.591242
0.366912 0.329496
0.886588 0.535127
0.439713 0.241164
0.742861 0.151412
0.371653 0.239206
0.439657 0.582654
0.845396 0.473741
0.539551 0.246130
0.786184 0.461787
0.439690 0.328976
0.516762 0.846027
0.770495 0.214190
0.917823 0.585935
0.927040 0.465510
0.836293 0.472301
0.403299 0.329779
0.616771 0.770145
0.846333 0.104836
0.534881 0.848028
0.261513 0.543840
0.697892 0.187791
0.239782 0.302211
0.777165 0.471057
0.777252 0.481527
0.430515 0.559911
0.781801 0.481233
0.811126 0.204310
0.448786 0.574513
0.896367 0.141740
0.212400 0.325459
0.729466 0.864447
0.644346 0.703328
0.403305 0.324879
0.826930 0.595170
0.743482 0.232799
0.704337 0.564475
0.603859 0.603211
0.631273 0.589229
0.217263 0.273223
0.507695 0.848486
0.795234 0.581949
0.256859 0.526293
0.685813 0.611484
0.181371 0.820193
0.694899 0.614311
0.285071 0.329437
0.763456 0.574534
0.257734 0.342843
0.416792 0.537159
0.754313 0.458661
0.695190 0.569578
0.164030 0.923747
0.819281 0.107942
0.566627 0.837665
0.822987 0.530639
0.845745 0.528816
0.389772 0.257103
0.598632 0.271560
0.790877 0.559994
0.911809 0.721854
0.808579 0.614614
0.765905 0.206163
0.792452 0.137429
0.840902 0.559530
0.917887 0.458328
0.790877 0.559994
0.503602 0.481599
0.765088 0.105513
0.499021 0.471830
0.689783 0.702769
0.711363 0.172700
0.630637 0.718665
0.634437 0.171642
0.385059 0.355198
0.276069 0.310750
0.774810 0.188931
0.760580 0.106459
0.101441 0.995705
0.797456 0.192823
0.827189 0.470899
0.535050 0.261479
0.416920 0.357916
0.444219 0.564760
0.863877 0.534231
0.594845 0.461319
0.735299 0.688185
0.765404 0.893944
0.899857 0.469752
0.435181 0.813634
1.000000 0.538986
0.690303 0.417241
0.140335 0.254999
0.820076 0.194027
0.667211 0.678439
0.908769 0.454335
0.644653 0.644931
0.704337 0.564475
0.234256 0.564297
0.868999 0.114788
0.389804 0.801025
0.439717 0.813566
0.312535 0.278702
0.747640 0.853571
0.535081 0.274696
0.661581 0.170047
0.218279 0.930250
0.503607 0.484872
0.562384 0.293489
0.658136 0.675218
0.161073 0.527106
0.877159 0.470117
0.790877 0.559994
0.854474 0.565687
0.779329 0.188482
0.667622 0.607901
0.380732 0.801739
0.164030 0.923747
0.787925 0.136255
0.666117 0.172072
0.785857 0.614953
0.670987 0.230348
0.854426 0.467895
0.416921 0.356287
0.503253 0.249253
0.795423 0.478139
0.320904 0.556309
0.385271 0.803009
0.648877 0.705866
0.348954 0.245025
0.132278 0.906614
0.694875 0.618039
0.695215 0.565849
0.763770 0.535624
0.398862 0.788972
0.598632 0.271560
0.132278 0.906614
0.807104 0.260083
0.279831 0.557334
0.453335 0.317623
0.886671 0.511287
0.229666 0.559072
0.562296 0.773402
0.742846 0.889041
0.389627 0.345569
0.783577 0.156233
0.670697 0.857126
0.733943 0.870551
0.140044 0.291534
0.211343 0.545087
0.590192 0.600758
0.759168 0.496862
0.689783 0.702769
0.380741 0.806666
0.198823 0.318634
0.684116 0.156116
0.612589 0.689988
0.784154 0.224014
0.624577 0.001903
0.512697 0.458549
0.666107 0.170266
0.815048 0.899875
0.702518 0.202903
0.950260 0.525687
0.639860 0.692015
0.566838 0.772317
0.778941 0.896209
0.725014 0.183892
0.535077 0.273044
0.534960 0.223482
0.512697 0.458549
0.421379 0.558319
0.738478 0.868877
0.385285 0.811210
0.217128 0.295238
0.760596 0.108497
0.611833 0.177824
0.253556 0.273099
0.783469 0.894938
0.694899 0.614311
0.256859 0.526293
0.426035 0.341815
0.498672 0.819995
0.954384 0.561837
0.917887 0.458328
0.630208 0.232385
0.711350 0.170799
0.507690 0.851761
0.394018 0.587969
0.362456 0.291169
0.453353 0.569637
0.661765 0.836052
0.733580 0.118954
0.426057 0.307633
0.787925 0.136255
0.784353 0.247329
0.257734 0.342843
0.599294 0.604659
0.733566 0.116996
0.394018 0.587969
0.439657 0.582654
0.783487 0.892821
0.448788 0.821640
0.312523 0.282088
0.594845 0.461319
0.836383 0.481684
0.126743 0.255375
0.694887 0.616175
0.174954 0.555920
0.439656 0.581028
0.807104 0.260083
0.489638 0.250010
0.430643 0.229623
0.389818 0.809216
0.776465 0.651122
0.881640 0.464306
0.380732 0.801739
0.733929 0.872510
0.788917 0.251554
0.927040 0.465510
0.439657 0.584280
0.557957 0.706108
0.476035 0.770009
0.230555 0.327375
0.777252 0.481527
0.832777 0.103107
0.799969 0.477792
0.707020 0.199244
0.426102 0.236015
0.164045 0.925707
0.900004 0.554979
0.499021 0.471830
0.765121 0.109619
0.783992 0.204943
0.931366 0.591905
0.512752 0.489712
0.525944 0.249139
0.681490 0.574314
0.950187 0.506331
0.922155 0.604504
0.271471 0.322195
0.850149 0.495036
0.339155 0.552618
0.234266 0.566099
0.804141 0.602801
0.261522 0.545598
0.779400 0.196889
0.786239 0.570301
0.167485 0.259526
0.693642 0.230487
0.553015 0.843871
0.826995 0.588271
0.603124 0.260515
0.357847 0.317251
0.658136 0.675218
0.261513 0.543840
0.995517 0.534714
0.348954 0.245025
0.759200 0.537540
0.489642 0.253274
0.416790 0.535529
0.230767 0.291200
0.758973 0.566006
0.339543 0.357342
0.526467 0.494529
0.176843 0.820066
0.802577 0.260123
0.603045 0.241676
0.571929 0.430176
0.685987 0.583815
0.787943 0.138388
0.713365 0.576428
0.167471 0.261476
0.790729 0.461322
0.639579 0.746642
0.807104 0.260083
0.792452 0.137429
0.733580 0.118954
0.781801 0.481233
0.534893 0.843072
0.859863 0.103857
0.743073 0.859275
0.165631 0.527055
0.658488 0.612482
0.158119 0.299636
0.658347 0.637579
0.503607 0.484872
0.704337 0.564475
0.521381 0.236384
0.941221 0.522360
0.312523 0.282088
0.172034 0.257259
0.667211 0.678439
0.385291 0.814490
0.603045 0.241676
0.836472 0.491069
0.658136 0.675218
0.742922 0.879120
0.394018 0.587969
0.426102 0.236015
0.779170 0.169569
0.562384 0.293489
0.689747 0.708326
0.675830 0.756600
0.713352 0.578334
0.498737 0.772594
0.124019 1.000000
0.954873 0.519235
0.439690 0.328976
0.507695 0.848486
0.629074 0.000000
0.653514 0.688816
0.276077 0.309013
0.562098 0.201541
0.598354 0.835204
0.557937 0.712781
0.581020 0.615508
0.140319 0.257028
0.380732 0.236730
0.927040 0.465510
0.913296 0.585019
0.521295 0.844837
0.172006 0.261136
0.779807 0.245251
0.760580 0.106459
0.416942 0.333474
0.787925 0.136255
0.185479 0.279044
0.761218 0.852485
0.799815 0.578118
0.790914 0.555704
0.394023 0.591242
0.512700 0.460189
0.886422 0.487456
0.859863 0.103857
0.667211 0.678439
0.708050 0.687858
0.058681 0.270594
0.790877 0.559994
0.521901 0.496210
0.859456 0.521707
0.602888 0.834469
0.562109 0.204884
0.849888 0.468433
0.435202 0.868935
0.426102 0.236015
0.164030 0.923747
0.476029 0.778151
0.729451 0.866393
0.407933 0.783590
0.781801 0.481233
0.671547 0.713699
0.702518 0.202903
0.774152 0.109718
0.783577 0.156233
0.439715 0.231407
0.380543 0.336916
0.827427 0.496212
0.693293 0.176533
0.503624 0.496326
0.503607 0.484872
0.787925 0.136255
0.142039 0.998286
0.658136 0.675218
0.416793 0.538788
0.229645 0.555451
0.726836 0.602689
0.666453 0.229883
0.661939 0.232994
0.800008 0.482153
0.585211 0.713977
0.312276 0.348138
0.426035 0.341815
0.489638 0.250010
0.854474 0.565687
0.733987 0.864673
0.808579 0.614614
0.557614 0.217258
0.730737 0.691016
0.126760 0.253302
0.426065 0.294612
0.666958 0.721832
0.176554 0.258850
0.765738 0.852857
0.941186 0.525485
0.394323 0.789252
0.720422 0.864092
0.498704 0.241357
0.344419 0.244462
0.616347 0.174937
0.849888 0.468433
0.797513 0.199334
0.667211 0.678439
0.774533 0.155567
0.229645 0.555451
0.385282 0.809570
0.724958 0.862318
0.611932 0.200228
0.774915 0.201446
0.834195 0.252318
0.289629 0.326626
0.666065 0.163041
0.289614 0.330064
0.165789 0.548559
0.670966 0.226717
0.657165 0.848975
0.658136 0.675218
0.448786 0.569635
0.926149 0.653354
0.720436 0.862169
0.649269 0.633011
0.503602 0.481599
0.708917 0.560939
0.670987 0.230348
0.806410 0.182784
0.644346 0.703328
0.729195 0.137037
0.725195 0.829416
0.271437 0.329168
0.416795 0.540418
0.813603 0.476694
0.503277 0.772855
0.091687 0.913462
0.666117 0.172072
0.726836 0.602689
0.421404 0.590890
0.913327 0.582162
0.448788 0.237965
0.132278 0.906614
0.917887 0.458328
0.603167 0.767677
0.394015 0.586332
0.763389 0.582723
0.707007 0.197353
0.675499 0.227144
0.854474 0.565687
0.403447 0.826279
0.516762 0.846027
0.607725 0.763318
0.412530 0.840456
0.859863 0.103857
0.799988 0.479973
0.828279 0.104786
0.218290 0.932082
0.539621 0.274265
0.815027 0.136349
0.416920 0.357916
0.912118 0.693397
0.158194 0.289757
0.795234 0.581949
0.562384 0.293489
0.197792 0.564257
0.575906 0.775251
0.644635 0.648471
0.247941 0.565488
0.759151 0.543641
0.394348 0.805616
0.539617 0.272610
0.348959 0.243363
0.786057 0.446902
0.625547 0.205578
0.715886 0.865876
0.385288 0.812850
0.824591 0.193277
0.607643 0.256251
0.684565 0.227930
0.743073 0.859275
0.389589 0.368505
0.325906 0.352841
0.485098 0.248584
0.531054 0.502738
0.917887 0.458328
0.649192 0.647229
0.630225 0.235881
0.608036 0.691143
0.662391 0.726310
0.280545 0.325326
0.729423 0.168182
0.765437 0.889836
0.239792 0.300419
0.819867 0.171360
0.658337 0.639371
0.380701 0.253154
0.807104 0.260083
0.508183 0.489748
0.781801 0.481233
0.760580 0.106459
0.795423 0.478139
0.722069 0.633027
0.489627 0.240221
0.630225 0.235881
0.444252 0.807022
0.811632 0.260019
0.666117 0.172072
0.453352 0.576141
