2.400998046875000000e+03
2.131140625000000000e+03
1.950066406250000000e+03
1.945094482421875000e+03
1.620488525390625000e+03
1.416957641601562500e+03
1.373651000976562500e+03
1.269805664062500000e+03
1.172744628906250000e+03
1.114734497070312500e+03
6.839287109375000000e+02
7.337977294921875000e+02
9.905452880859375000e+02
4.571151733398437500e+02
7.644732666015625000e+02
2.770834350585937500e+02
3.574307861328125000e+02
3.481934814453125000e+02
1.774864501953125000e+02
2.870000000000000000e+02
2.130102233886718750e+02
2.429389343261718750e+02
2.455854949951171875e+02
1.945323791503906250e+02
2.101493988037109375e+02
1.891880798339843750e+02
3.613482666015625000e+02
5.820817260742187500e+02
3.184941711425781250e+02
3.086364746093750000e+02
3.241062316894531250e+02
2.040857849121093750e+02
2.624320373535156250e+02
1.864924316406250000e+02
2.829580993652343750e+02
3.387360229492187500e+02
2.235654296875000000e+02
1.822042541503906250e+02
2.103146972656250000e+02
2.660529174804687500e+02
2.480549011230468750e+02
2.498144836425781250e+02
2.359643859863281250e+02
2.673004150390625000e+02
1.803605499267578125e+02
1.743137512207031250e+02
2.426047973632812500e+02
2.407060241699218750e+02
3.012349853515625000e+02
1.998733825683593750e+02
2.177826080322265625e+02
2.381602783203125000e+02
2.635503540039062500e+02
1.848847198486328125e+02
1.800772094726562500e+02
2.190500183105468750e+02
1.831647949218750000e+02
2.337600555419921875e+02
1.487150878906250000e+02
2.804409179687500000e+02
1.598915405273437500e+02
2.499333038330078125e+02
2.275792236328125000e+02
2.672929687500000000e+02
2.487559967041015625e+02
2.104694824218750000e+02
1.821539306640625000e+02
1.859701232910156250e+02
2.312804870605468750e+02
2.073333129882812500e+02
2.573640747070312500e+02
2.570807495117187500e+02
2.100368041992187500e+02
1.990768432617187500e+02
1.910662536621093750e+02
2.706818237304687500e+02
2.218290252685546875e+02
2.185355529785156250e+02
2.828909606933593750e+02
2.749058227539062500e+02
3.025982666015625000e+02
2.429306945800781250e+02
2.307635192871093750e+02
2.035399169921875000e+02
2.062642517089843750e+02
3.164998168945312500e+02
1.985104370117187500e+02
2.539963531494140625e+02
2.943177490234375000e+02
2.328407897949218750e+02
3.123351440429687500e+02
2.307035522460937500e+02
1.887845458984375000e+02
3.119828491210937500e+02
1.571507873535156250e+02
2.416257324218750000e+02
2.367642517089843750e+02
1.507394409179687500e+02
2.346971130371093750e+02
1.967156677246093750e+02
2.588489379882812500e+02
2.575164794921875000e+02
1.870812072753906250e+02
1.823428955078125000e+02
2.618582153320312500e+02
2.092851867675781250e+02
2.526596984863281250e+02
1.983261108398437500e+02
1.725677947998046875e+02
2.749850158691406250e+02
1.887733764648437500e+02
2.413547973632812500e+02
1.741464385986328125e+02
2.999322814941406250e+02
3.295796203613281250e+02
2.205753631591796875e+02
1.690694274902343750e+02
2.277245483398437500e+02
2.045480651855468750e+02
2.396809234619140625e+02
2.296570129394531250e+02
1.968011779785156250e+02
2.346337280273437500e+02
1.894441986083984375e+02
2.164714965820312500e+02
2.512899780273437500e+02
2.078726806640625000e+02
3.541631469726562500e+02
2.453981323242187500e+02
2.014429168701171875e+02
2.352944946289062500e+02
2.560631408691406250e+02
1.655280761718750000e+02
1.378811645507812500e+02
2.125080261230468750e+02
2.004258575439453125e+02
2.506627349853515625e+02
1.556206054687500000e+02
2.744651489257812500e+02
1.752211914062500000e+02
1.824463806152343750e+02
1.776486358642578125e+02
2.406448822021484375e+02
2.048740692138671875e+02
1.914189453125000000e+02
1.513792419433593750e+02
1.929596405029296875e+02
2.568221130371093750e+02
2.451115417480468750e+02
2.471206970214843750e+02
2.224627075195312500e+02
1.853047485351562500e+02
1.940487670898437500e+02
1.780562744140625000e+02
2.191418151855468750e+02
2.461658325195312500e+02
2.040202789306640625e+02
2.686807250976562500e+02
2.047477416992187500e+02
2.529387817382812500e+02
3.004910888671875000e+02
2.227276458740234375e+02
2.097268371582031250e+02
2.016568450927734375e+02
2.472724151611328125e+02
1.803253936767578125e+02
2.475213317871093750e+02
2.214668884277343750e+02
2.343846588134765625e+02
3.155199279785156250e+02
2.481685333251953125e+02
1.866986541748046875e+02
2.838472900390625000e+02
1.675518646240234375e+02
2.304878082275390625e+02
2.502120513916015625e+02
1.758111267089843750e+02
2.371312408447265625e+02
1.839247131347656250e+02
2.910090942382812500e+02
2.493920135498046875e+02
2.005039215087890625e+02
2.086295166015625000e+02
2.355075683593750000e+02
1.788161926269531250e+02
2.368130187988281250e+02
2.115685729980468750e+02
1.718117370605468750e+02
2.747379150390625000e+02
1.940090942382812500e+02
2.292667541503906250e+02
1.472802581787109375e+02
3.156586303710937500e+02
3.164353027343750000e+02
2.322098388671875000e+02
1.652536621093750000e+02
2.106778717041015625e+02
1.879271850585937500e+02
2.583410034179687500e+02
1.942155456542968750e+02
2.070172119140625000e+02
2.297935485839843750e+02
1.484967193603515625e+02
2.308010101318359375e+02
2.182171020507812500e+02
1.846016082763671875e+02
3.244585571289062500e+02
2.143053894042968750e+02
2.325534973144531250e+02
2.233682861328125000e+02
2.339804840087890625e+02
1.728620452880859375e+02
1.210940246582031250e+02
2.210763244628906250e+02
1.569107513427734375e+02
2.050069732666015625e+02
1.616083831787109375e+02
1.919636230468750000e+02
1.177994995117187500e+02
2.194382171630859375e+02
2.298801879882812500e+02
2.591421813964843750e+02
2.414907989501953125e+02
1.860064392089843750e+02
1.819695587158203125e+02
1.698532714843750000e+02
1.860021972656250000e+02
1.909973754882812500e+02
2.058193359375000000e+02
1.669433593750000000e+02
1.753916625976562500e+02
1.793942260742187500e+02
1.814974060058593750e+02
2.577855834960937500e+02
2.139900512695312500e+02
1.999506835937500000e+02
2.399807434082031250e+02
1.822950134277343750e+02
2.830397949218750000e+02
2.503748016357421875e+02
2.019501647949218750e+02
1.484825134277343750e+02
1.958503265380859375e+02
2.887358703613281250e+02
1.786472473144531250e+02
2.733713378906250000e+02
2.362158050537109375e+02
2.541429748535156250e+02
2.674951171875000000e+02
2.104999694824218750e+02
1.810961151123046875e+02
2.870594787597656250e+02
1.713446960449218750e+02
2.281732177734375000e+02
2.307777557373046875e+02
1.884149017333984375e+02
2.375683898925781250e+02
1.900325012207031250e+02
1.946698913574218750e+02
2.277232055664062500e+02
2.140120239257812500e+02
1.881432952880859375e+02
1.708949432373046875e+02
1.900987548828125000e+02
2.219762725830078125e+02
1.971848754882812500e+02
1.631495971679687500e+02
2.638219909667968750e+02
2.013978271484375000e+02
2.130927734375000000e+02
1.674677124023437500e+02
2.645768432617187500e+02
2.929726257324218750e+02
1.968440246582031250e+02
1.435515441894531250e+02
1.918772583007812500e+02
2.065703430175781250e+02
2.304890136718750000e+02
1.774699401855468750e+02
1.787729187011718750e+02
2.356196746826171875e+02
1.525489501953125000e+02
2.093144989013671875e+02
2.145574188232421875e+02
1.724239196777343750e+02
3.057388610839843750e+02
1.788427276611328125e+02
2.073104553222656250e+02
1.788647766113281250e+02
1.940755310058593750e+02
1.714230957031250000e+02
1.192212600708007812e+02
1.603291931152343750e+02
1.540297088623046875e+02
1.788504486083984375e+02
1.380720214843750000e+02
1.785001525878906250e+02
1.401821746826171875e+02
1.890204315185546875e+02
1.753130645751953125e+02
1.912875061035156250e+02
1.518750762939453125e+02
1.311787109375000000e+02
1.393446655273437500e+02
1.282564849853515625e+02
1.469783935546875000e+02
1.527618408203125000e+02
1.678149719238281250e+02
1.788741607666015625e+02
1.551201171875000000e+02
1.319028930664062500e+02
1.611613311767578125e+02
1.644607086181640625e+02
1.540682220458984375e+02
1.614590759277343750e+02
2.181854248046875000e+02
2.280122070312500000e+02
2.484542541503906250e+02
2.708603210449218750e+02
2.089405517578125000e+02
2.024585418701171875e+02
2.005762176513671875e+02
2.756873168945312500e+02
2.074486694335937500e+02
2.349102172851562500e+02
2.402078247070312500e+02
2.094063110351562500e+02
1.823476715087890625e+02
2.237708587646484375e+02
1.557615966796875000e+02
2.522550048828125000e+02
1.416589202880859375e+02
2.344651489257812500e+02
2.039217071533203125e+02
1.579975280761718750e+02
2.214499816894531250e+02
1.784568176269531250e+02
2.192449798583984375e+02
2.063694763183593750e+02
1.720991516113281250e+02
1.519831695556640625e+02
1.815923767089843750e+02
1.944620819091796875e+02
1.456926269531250000e+02
2.015729675292968750e+02
1.443846130371093750e+02
2.200785675048828125e+02
1.537800292968750000e+02
1.812159118652343750e+02
1.305606689453125000e+02
1.946639709472656250e+02
2.757062377929687500e+02
1.907416992187500000e+02
1.196410522460937500e+02
1.669147338867187500e+02
1.618797454833984375e+02
1.774442443847656250e+02
1.720475158691406250e+02
1.598132324218750000e+02
1.763065795898437500e+02
1.640496673583984375e+02
1.561064453125000000e+02
2.248683776855468750e+02
1.842066955566406250e+02
2.411947021484375000e+02
1.343353576660156250e+02
1.466753997802734375e+02
1.379533233642578125e+02
1.700554656982421875e+02
1.239699859619140625e+02
1.056980590820312500e+02
1.358612976074218750e+02
1.611721496582031250e+02
1.318810424804687500e+02
1.173167724609375000e+02
1.578171386718750000e+02
1.478796386718750000e+02
1.370238342285156250e+02
1.406639709472656250e+02
1.594805297851562500e+02
1.697264556884765625e+02
1.276418762207031250e+02
1.170196533203125000e+02
1.391640930175781250e+02
1.279598541259765625e+02
1.375632171630859375e+02
1.409468994140625000e+02
1.722804870605468750e+02
1.310253906250000000e+02
1.315874633789062500e+02
1.647208404541015625e+02
1.632021484375000000e+02
1.341710662841796875e+02
1.785318603515625000e+02
1.853331604003906250e+02
2.054126586914062500e+02
2.614123229980468750e+02
2.845638427734375000e+02
2.287498321533203125e+02
1.533341979980468750e+02
1.762215423583984375e+02
2.575121459960937500e+02
1.869506225585937500e+02
2.030118865966796875e+02
2.071191711425781250e+02
2.234707946777343750e+02
1.860444335937500000e+02
2.273497467041015625e+02
1.930436706542968750e+02
2.689140930175781250e+02
1.362174072265625000e+02
1.810608673095703125e+02
1.834259948730468750e+02
1.813996582031250000e+02
1.651564788818359375e+02
1.830766906738281250e+02
2.013021240234375000e+02
2.228274841308593750e+02
1.577329101562500000e+02
1.571662597656250000e+02
1.737961120605468750e+02
1.818305053710937500e+02
1.413869781494140625e+02
1.784776611328125000e+02
1.748837280273437500e+02
2.066160736083984375e+02
1.389944915771484375e+02
1.944247131347656250e+02
1.254872131347656250e+02
2.206836547851562500e+02
2.653015747070312500e+02
1.827685241699218750e+02
1.066045074462890625e+02
1.950220642089843750e+02
1.557313842773437500e+02
1.920378723144531250e+02
1.614401855468750000e+02
1.584236602783203125e+02
1.800619201660156250e+02
1.739607238769531250e+02
1.455543518066406250e+02
1.986670532226562500e+02
1.405724792480468750e+02
2.588396606445312500e+02
1.722082519531250000e+02
1.566191101074218750e+02
1.612308197021484375e+02
1.753419189453125000e+02
1.071989669799804688e+02
9.967878723144531250e+01
1.363745880126953125e+02
1.195233001708984375e+02
1.206151885986328125e+02
1.160791931152343750e+02
1.379998474121093750e+02
1.363081817626953125e+02
1.438244018554687500e+02
1.309366149902343750e+02
1.518456115722656250e+02
1.740363769531250000e+02
1.125230407714843750e+02
1.588071289062500000e+02
1.236752548217773438e+02
1.228040161132812500e+02
1.441669006347656250e+02
1.414242248535156250e+02
1.769103546142578125e+02
1.150091934204101562e+02
1.277382659912109375e+02
1.279536209106445312e+02
1.453856201171875000e+02
1.361375122070312500e+02
1.514591369628906250e+02
1.667928771972656250e+02
2.020664367675781250e+02
3.177582702636718750e+02
2.723634033203125000e+02
2.151405334472656250e+02
1.762716369628906250e+02
1.684884033203125000e+02
2.518013916015625000e+02
2.116914978027343750e+02
2.187935333251953125e+02
2.325590362548828125e+02
2.060182952880859375e+02
1.977532501220703125e+02
2.065210723876953125e+02
1.331013641357421875e+02
2.647804565429687500e+02
1.304521179199218750e+02
1.683459014892578125e+02
2.122409667968750000e+02
1.508643341064453125e+02
1.902833404541015625e+02
1.587228393554687500e+02
1.999058074951171875e+02
2.144451599121093750e+02
1.838748474121093750e+02
1.673391418457031250e+02
1.554885406494140625e+02
1.835365753173828125e+02
1.395471801757812500e+02
1.831204528808593750e+02
1.411846618652343750e+02
2.150197753906250000e+02
1.343198699951171875e+02
1.869798736572265625e+02
1.252157135009765625e+02
1.889082946777343750e+02
2.715165710449218750e+02
1.597542114257812500e+02
1.027011718750000000e+02
1.798903045654296875e+02
1.501567687988281250e+02
1.765550537109375000e+02
1.652328491210937500e+02
1.588326110839843750e+02
1.842922363281250000e+02
1.571458740234375000e+02
1.462628173828125000e+02
2.090270996093750000e+02
1.284350280761718750e+02
2.360994262695312500e+02
1.520899353027343750e+02
1.344030914306640625e+02
1.400665283203125000e+02
2.008104858398437500e+02
1.275408401489257812e+02
8.994210815429687500e+01
1.254647598266601562e+02
1.143799438476562500e+02
1.159577636718750000e+02
8.785092163085937500e+01
1.393812866210937500e+02
1.403000335693359375e+02
1.284121398925781250e+02
1.271860427856445312e+02
1.555556488037109375e+02
1.540345153808593750e+02
1.201427764892578125e+02
1.258716354370117188e+02
1.289113464355468750e+02
1.116252822875976562e+02
1.428509826660156250e+02
1.180073928833007812e+02
1.523724060058593750e+02
1.156652374267578125e+02
1.236996917724609375e+02
1.220296630859375000e+02
1.841547393798828125e+02
1.284003601074218750e+02
1.415960998535156250e+02
2.001377105712890625e+02
1.913704833984375000e+02
2.568978881835937500e+02
2.370137023925781250e+02
2.261347503662109375e+02
1.602721252441406250e+02
1.747082214355468750e+02
2.632963256835937500e+02
1.735031127929687500e+02
2.009907531738281250e+02
2.192882080078125000e+02
1.983356933593750000e+02
1.679759368896484375e+02
2.386584777832031250e+02
1.444703979492187500e+02
2.557872314453125000e+02
1.226645050048828125e+02
1.677220764160156250e+02
2.205624694824218750e+02
1.609187011718750000e+02
1.856530151367187500e+02
1.701125488281250000e+02
2.020975189208984375e+02
2.117412109375000000e+02
1.442872161865234375e+02
1.524594268798828125e+02
1.733509063720703125e+02
1.648431396484375000e+02
1.515182647705078125e+02
1.953419036865234375e+02
1.067343750000000000e+02
2.115478820800781250e+02
1.319714202880859375e+02
1.970729064941406250e+02
1.186495208740234375e+02
1.889538574218750000e+02
2.747849121093750000e+02
1.737521209716796875e+02
1.046704559326171875e+02
1.786459655761718750e+02
1.320009460449218750e+02
1.731665039062500000e+02
1.477166748046875000e+02
1.320716705322265625e+02
1.745997314453125000e+02
1.588775024414062500e+02
1.563252868652343750e+02
1.950032653808593750e+02
1.594808807373046875e+02
2.270219268798828125e+02
1.219844360351562500e+02
1.365011138916015625e+02
1.416446228027343750e+02
1.718182983398437500e+02
1.320823059082031250e+02
1.042923431396484375e+02
1.348566131591796875e+02
1.186654510498046875e+02
1.179396438598632812e+02
1.054001846313476562e+02
1.419965209960937500e+02
1.166352386474609375e+02
1.421620483398437500e+02
1.389733886718750000e+02
1.795251770019531250e+02
1.659259490966796875e+02
1.223024597167968750e+02
1.228319091796875000e+02
9.813670349121093750e+01
1.338961029052734375e+02
1.361633300781250000e+02
1.380283813476562500e+02
1.510924682617187500e+02
1.484444427490234375e+02
1.271043548583984375e+02
1.178744201660156250e+02
1.711101684570312500e+02
1.528018188476562500e+02
1.482173309326171875e+02
2.315964965820312500e+02
1.926342010498046875e+02
2.668084716796875000e+02
2.315093688964843750e+02
2.190135192871093750e+02
1.566273956298828125e+02
1.507987060546875000e+02
2.644450683593750000e+02
1.779945526123046875e+02
2.104418029785156250e+02
2.066463928222656250e+02
2.020984802246093750e+02
1.678183288574218750e+02
2.351634826660156250e+02
1.532675170898437500e+02
2.341820373535156250e+02
1.377710876464843750e+02
1.662848205566406250e+02
1.850574645996093750e+02
1.497941284179687500e+02
1.665229187011718750e+02
1.694216613769531250e+02
2.107407531738281250e+02
1.875767059326171875e+02
1.503326568603515625e+02
1.357343444824218750e+02
1.776110229492187500e+02
1.464974517822265625e+02
1.521492767333984375e+02
1.722126159667968750e+02
1.132019195556640625e+02
2.058951416015625000e+02
1.531160583496093750e+02
1.800234985351562500e+02
1.225746002197265625e+02
2.064018096923828125e+02
2.784499206542968750e+02
1.690471801757812500e+02
1.083248138427734375e+02
1.570123596191406250e+02
1.340632324218750000e+02
1.704016265869140625e+02
1.355315246582031250e+02
1.299506835937500000e+02
2.003228302001953125e+02
1.349008178710937500e+02
1.556976013183593750e+02
1.806068420410156250e+02
1.345878601074218750e+02
2.291239929199218750e+02
1.259151992797851562e+02
1.241579284667968750e+02
1.227337570190429688e+02
1.671867828369140625e+02
1.185555267333984375e+02
1.044555206298828125e+02
1.255859375000000000e+02
1.167809524536132812e+02
1.203338012695312500e+02
1.228714065551757812e+02
1.393899230957031250e+02
1.270680541992187500e+02
1.376183776855468750e+02
1.207766494750976562e+02
1.765836486816406250e+02
1.801676635742187500e+02
1.293628540039062500e+02
1.259309539794921875e+02
1.171939620971679688e+02
1.456196289062500000e+02
1.591146240234375000e+02
1.231577148437500000e+02
1.528255615234375000e+02
1.343050537109375000e+02
1.296759033203125000e+02
1.212766189575195312e+02
1.529579925537109375e+02
1.644646148681640625e+02
1.485500488281250000e+02
1.688315124511718750e+02
1.647011108398437500e+02
2.542875366210937500e+02
2.468777465820312500e+02
2.381909790039062500e+02
1.898488922119140625e+02
1.752937622070312500e+02
2.641267395019531250e+02
1.737938537597656250e+02
1.871883850097656250e+02
2.073492584228515625e+02
1.923541259765625000e+02
1.849785766601562500e+02
2.680733337402343750e+02
1.975463562011718750e+02
2.917746582031250000e+02
1.517866516113281250e+02
1.921666870117187500e+02
2.043836669921875000e+02
1.395621032714843750e+02
2.150001831054687500e+02
2.091249237060546875e+02
2.206911163330078125e+02
2.890792846679687500e+02
2.012887573242187500e+02
1.801904449462890625e+02
1.938001861572265625e+02
2.185623168945312500e+02
2.266009979248046875e+02
1.944544677734375000e+02
1.468750305175781250e+02
2.583054809570312500e+02
1.692537994384765625e+02
2.074079437255859375e+02
1.421207580566406250e+02
2.441656799316406250e+02
2.920526428222656250e+02
2.081370239257812500e+02
1.578089599609375000e+02
1.768875122070312500e+02
1.457244873046875000e+02
1.888857269287109375e+02
1.956103515625000000e+02
2.293124389648437500e+02
1.660756378173828125e+02
1.657405700683593750e+02
1.896586608886718750e+02
2.189805297851562500e+02
1.520801391601562500e+02
3.270682678222656250e+02
1.479062500000000000e+02
1.928816986083984375e+02
1.764369506835937500e+02
1.998466644287109375e+02
1.660121765136718750e+02
1.168252334594726562e+02
1.677244720458984375e+02
1.453739624023437500e+02
1.122846984863281250e+02
1.144640350341796875e+02
1.280637969970703125e+02
1.585154571533203125e+02
1.955360565185546875e+02
1.270498580932617188e+02
1.710617065429687500e+02
1.816618652343750000e+02
1.755624694824218750e+02
1.320134277343750000e+02
1.190203857421875000e+02
1.922445373535156250e+02
1.922717742919921875e+02
2.737692260742187500e+02
1.943161621093750000e+02
1.379970703125000000e+02
1.517213134765625000e+02
1.387406463623046875e+02
1.571507873535156250e+02
1.378511352539062500e+02
1.778435668945312500e+02
1.869172668457031250e+02
