0.2566183 0.6754023
0.14625584 0.835079
0.7723864 0.5996251
0.49038795 0.4833416
0.3189131 0.5772671
0.80364007 0.53234667
0.54066557 0.7716797
0.63045406 0.6496959
0.31764483 0.58622324
0.5677434 0.258039
0.79155463 0.5861103
0.5075169 0.8745595
0.690863 0.64934874
0.17362908 0.76850545
0.35746366 0.43381906
0.6033187 0.7486953
0.14132978 0.75931865
0.6227727 0.90984285
0.62464595 0.77543604
0.6622014 0.6405336
0.32907623 0.42037326
0.23254411 0.6975802
0.85567284 0.5277435
0.7194207 0.5864029
0.3191248 0.5324525
0.22462161 0.76448244
0.20693961 0.6036412
0.61822736 0.59581035
0.5111322 0.8611525
0.8488987 0.5590566
0.26439574 0.77822006
0.60918987 0.7486474
0.20637947 0.6572235
0.5118937 0.7354929
0.23497207 0.76010704
0.28923568 0.35769412
0.37837902 0.27219766
0.6010539 0.7846163
0.901635 0.76855767
0.21434008 0.69298947
0.8323329 0.4159514
0.5451869 0.82552516
0.3758309 0.34401453
0.22261325 0.7644653
0.24663252 0.81377083
0.515207 0.5284482
0.59702694 0.4472989
0.5538434 0.8119772
0.32603186 0.21869971
0.14320007 0.750425
0.88949037 0.4025959
0.8360684 0.4025337
0.26649562 0.42489046
0.48150322 0.75321305
0.49958295 0.8296514
0.23498188 0.5724773
0.23466435 0.76456803
0.53228 0.90619546
0.35746366 0.43381906
0.51528996 0.51943374
0.37672246 0.28566578
0.60918987 0.7486474
0.51528996 0.51943374
0.84348726 0.4114875
0.6967185 0.7837598
0.56751966 0.735508
0.2267983 0.8135811
0.519243 0.8477863
0.6317827 0.64519495
0.58604264 0.69492006
0.5920965 0.33468667
0.7127987 0.72540903
0.3788989 0.2901435
0.5753791 0.23107696
0.6502223 0.6405997
0.3009235 0.115989536
0.72881466 0.6670563
0.5881234 0.6994005
0.14433216 0.76379853
0.20637947 0.6572235
0.35329747 0.23197432
0.5474621 0.2534295
0.6502223 0.6405997
0.6634041 0.63603693
0.58331 0.67695415
0.6358048 0.6855971
0.19316624 0.77313286
0.58582383 0.19516367
0.7511556 0.6310842
0.59120065 0.65891683
0.32160157 0.15606716
0.18203108 0.65707886
0.23958436 0.5546086
0.23497207 0.76010704
0.92266655 0.2821714
0.28087825 0.5323548
0.51528996 0.51943374
0.3330176 0.15597877
0.5772824 0.22658919
0.14214253 0.83949095
0.23636502 0.5545984
0.8376195 0.706592
0.58793724 0.6634338
0.25591126 0.7826102
0.30938345 0.18300253
0.48458654 0.874314
0.26204643 0.6575548
0.24619243 0.7735953
0.7911808 0.496548
0.6622014 0.6405336
0.85770434 0.5009165
0.6634041 0.63603693
0.14094055 0.81276065
0.22218099 0.7689238
0.34104344 0.25893155
0.3866767 0.40236852
0.5474621 0.2534295
0.28136465 0.33085054
0.5155551 0.82980925
0.36669192 0.42034867
0.22239174 0.81353897
0.3273094 0.15602295
0.29874536 0.12047809
0.31260028 0.37108165
0.59825194 0.71280843
0.65686315 0.6540341
0.77944154 0.51000756
0.5837845 0.1996457
0.25839177 0.67541367
0.5428621 0.8120819
0.5684478 0.7983751
0.4934456 0.49235594
0.1479653 0.83064264
0.2683065 0.51441914
0.6080635 0.62284416
0.5920965 0.33468667
0.18523015 0.64817333
0.50757736 0.49688303
0.733164 0.66254884
0.30938345 0.18300253
0.14433216 0.76379853
0.2562162 0.6977451
0.5028601 0.789307
0.5526995 0.85236716
0.2969898 0.5458335
0.58447343 0.699426
0.17189069 0.77740455
0.7877757 0.49207366
0.4849007 0.78017086
0.16229905 0.74166805
0.6874116 0.6493685
0.8376876 0.74232024
0.5528347 0.8568503
0.901635 0.76855767
0.4993307 0.8072229
0.86155516 0.7510542
0.16601858 0.8174556
0.6340104 0.68560904
0.17189069 0.77740455
0.26467726 0.66651255
0.9136767 0.13051148
0.729303 0.5729083
0.21299629 0.59920156
0.20693961 0.6036412
0.55164737 0.8119982
0.85941225 0.5187944
0.8953033 0.73739874
0.3437487 0.24547298
0.5799127 0.7803173
0.6358048 0.6855971
0.5040737 0.7713621
0.82023185 0.38013822
0.623912 0.84715444
0.5781551 0.7848216
0.57784766 0.78033555
0.24874663 0.5680555
0.36086398 0.24537857
0.22261325 0.7644653
0.30318856 0.5324118
0.7084426 0.4697359
0.3243743 0.42037633
0.31260028 0.37108165
0.5023052 0.73541754
0.3953493 0.3798953
0.3828687 0.31256855
0.61000204 0.38876194
0.5694357 0.2580478
0.62289226 0.7171175
0.7161271 0.5998741
0.77404094 0.5996178
0.7287112 0.5818804
0.5673366 0.20853224
0.23425642 0.69312584
0.35137966 0.24991311
0.6622014 0.6405336
0.32180354 0.1336983
0.36086398 0.24537857
0.7562969 0.6400156
0.5673366 0.20853224
0.5799586 0.6814728
0.38156408 0.33501902
0.8003983 0.39353606
0.1916944 0.616965
0.20443003 0.65274763
0.5641664 0.74901533
0.74229467 0.6087228
0.26424202 0.6620389
0.816425 0.38908294
0.6165773 0.59581745
0.52004784 0.51944417
0.15901652 0.8040233
0.31593752 0.5324444
0.63045406 0.6496959
0.89293486 0.7329576
0.7846279 0.4920781
0.21615857 0.6974662
0.6080635 0.62284416
0.22218099 0.7689238
0.50757736 0.49688303
0.54066557 0.90628964
0.3805492 0.29013637
0.35429162 0.2678298
0.711263 0.7836297
0.78357476 0.50103974
0.7123913 0.73884887
0.78576416 0.48311666
0.8773398 0.72861767
0.32594162 0.42037532
0.780129 0.5189667
0.5989681 0.7217873
0.3530832 0.30819377
0.693965 0.6583022
0.2762316 0.796191
0.71625537 0.6133295
0.4928082 0.869922
0.23054036 0.7868463
0.27502656 0.34429935
0.7417932 0.6535367
0.14433216 0.76379853
0.35696638 0.26333287
0.14163698 0.83503294
0.5855808 0.19965772
0.57859963 0.19511454
0.35322344 0.24093851
0.14320007 0.750425
0.5507462 0.8703235
0.3243743 0.42037633
0.1422894 0.7548722
0.5355637 0.87485987
0.24558131 0.74233586
0.37081662 0.25429288
0.706198 0.599918
0.22669941 0.8001966
0.20464018 0.6572132
0.24693525 0.76020783
0.93841493 0.21091993
0.690863 0.64934874
0.7886254 0.5547776
0.27258286 0.59051543
0.36982653 0.42034662
0.23072337 0.6975675
0.55968434 0.9866481
0.6622014 0.6405336
0.7194207 0.5864029
0.71917605 0.68056095
0.30968404 0.5951494
0.1916944 0.616965
0.23617445 0.73333085
0.71926486 0.65366846
0.9156556 0.13052793
0.828909 0.37120572
0.35585538 0.42933157
0.6080635 0.62284416
0.71061766 0.595412
0.2158552 0.8536106
0.63474727 0.5687606
0.8977354 0.74183875
0.5937036 0.3346916
0.51838934 0.528456
0.5365331 0.7806289
0.572457 0.7579312
0.60981274 0.8338558
0.13416629 0.8572193
0.57869965 0.7623695
0.23617445 0.73333085
0.851446 0.53222466
0.27295986 0.442796
0.30077672 0.36214587
0.6502223 0.6405997
0.1369795 0.77709717
0.5987093 0.7621999
0.48476475 0.83847016
0.22899126 0.7600566
0.65984017 0.61809164
0.39552703 0.38438746
0.24243948 0.6082726
0.7871862 0.5682169
0.5804058 0.19512682
0.56220835 0.74903136
0.60943735 0.6453209
0.78597176 0.48759633
0.83133394 0.77809304
0.59353244 0.7487753
0.50757736 0.49688303
0.34606215 0.1827421
0.62289226 0.7171175
0.26492894 0.4248913
0.28884616 0.53237516
0.23606715 0.69313824
0.47045135 0.78004265
0.5474621 0.2534295
0.14221376 0.8216794
0.6340104 0.68560904
0.19628498 0.6125227
0.35823682 0.39791384
0.7043006 0.6358165
0.5364276 0.7941024
0.2737286 0.63973373
0.33405283 0.84589595
0.20443003 0.65274763
0.2737286 0.63973373
0.3659073 0.36199477
0.57885003 0.2310974
0.21181157 0.66172093
0.85297275 0.50092435
0.52963924 0.90168566
0.8698063 0.9560889
0.82023185 0.38013822
0.23636502 0.5545984
0.17526606 0.7105604
0.6328333 0.7753643
0.23958436 0.5546086
0.2608362 0.6843691
0.5481963 0.16341902
0.34535095 0.25442737
0.26005867 0.7826472
0.5556076 0.86578876
0.23864308 0.6171946
0.5538434 0.8119772
0.33918813 0.19174625
0.25317976 0.52333635
0.15084833 0.7282084
0.264854 0.7335551
0.8619139 0.75551367
0.5851028 0.29413757
0.72726154 0.5101078
0.14109787 0.8528387
0.36982653 0.42034662
0.9327884 0.17077231
0.8514841 0.51881164
0.5459632 0.8883055
0.2158552 0.8536106
0.4549103 0.5642922
0.70607567 0.7209801
0.8449157 0.5903646
0.35147834 0.21406108
0.8773398 0.72861767
0.7503401 0.64452803
0.47929728 0.7352366
0.19962636 0.6125387
0.29142633 0.15182988
0.84479123 0.5635412
0.85249144 0.52775127
0.2905895 0.16524915
0.37837803 0.28565842
0.8482257 0.7824068
0.84521824 0.63952726
0.56435883 0.25802147
0.5049598 0.7893261
0.22603849 0.80465174
0.26715845 0.8050376
0.71821976 0.62677354
0.4706188 0.76209813
0.57740986 0.18161866
0.39515805 0.3754033
0.855337 0.509862
0.24535075 0.61722744
0.55306214 0.78055555
0.51393276 0.48787695
0.26229408 0.67990875
0.38243842 0.3080814
0.20263378 0.71968365
0.77404094 0.5996178
0.25146905 0.7334504
0.6080635 0.62284416
0.27708915 0.47414017
0.25635603 0.5233436
0.78439933 0.48759836
0.51990515 0.53747493
0.21105175 0.75990546
0.6108798 0.78004265
0.54302096 0.84349513
0.6234798 0.7530175
0.61987746 0.5958032
0.56220835 0.74903136
0.21252963 0.6929771
0.2352893 0.6171782
0.3038213 0.5906458
0.30360606 0.52793264
0.57078505 0.16358992
0.36086398 0.24537857
0.65686315 0.6540341
0.7164888 0.67609686
0.21251243 0.6885129
0.70485777 0.69858384
0.8186526 0.3801354
0.4820181 0.9056313
0.2924673 0.16523503
0.5029955 0.843137
0.19243568 0.7775855
0.6210242 0.71713144
0.5136612 0.5239374
0.29565194 0.52791333
0.55596894 0.87475055
0.2734266 0.34430388
0.5673366 0.20853224
0.39156243 0.36642677
0.5989681 0.7217873
0.8237612 0.37566984
0.9180193 0.09935369
0.39515805 0.3754033
0.784361 0.55926996
0.7596387 0.6310395
0.2157571 0.71978205
0.60974824 0.6228357
0.8744502 0.7063277
0.5474621 0.2534295
0.2290017 0.81360215
0.52004784 0.51944417
0.30938345 0.18300253
0.60685045 0.38875702
0.54372287 0.9331316
0.2158552 0.8536106
0.5043853 0.5013846
0.35796437 0.3620132
0.79529333 0.56818813
0.33138922 0.18284632
0.32497677 0.21422866
0.18695386 0.64818317
0.35766634 0.38445124
0.58555144 0.6859322
0.57740986 0.18161866
0.6580721 0.6495371
0.59548986 0.74875927
0.22218099 0.7689238
0.26424202 0.6620389
0.5594942 0.41122842
0.61671317 0.76204735
0.5155458 0.4788624
0.3568456 0.31266496
0.27815312 0.52787083
0.6874116 0.6493685
0.7189023 0.581919
0.5781551 0.7848216
0.58919704 0.44279426
0.26030654 0.65754443
0.14633827 0.7638157
0.82023185 0.38013822
0.35823682 0.39791384
0.78573084 0.59061146
0.33991343 0.27238247
0.26745507 0.8005754
0.28696826 0.0
0.80381954 0.3890634
0.3530832 0.30819377
0.5933562 0.8116007
0.15549494 0.8351713
0.5989681 0.7217873
0.72060806 0.5505076
0.52074426 0.86573625
0.4919176 0.4878486
0.3090782 0.21432912
0.3402907 0.19621682
0.19183193 0.7686622
0.6287737 0.86949444
0.34967518 0.24992232
0.2737724 0.36220843
0.6447268 0.65410525
0.54268324 0.76716876
0.60675174 0.78007925
0.7194207 0.5864029
0.8302887 0.4427962
0.18847035 0.7061956
0.4918212 0.4968587
0.3112171 0.18298952
0.78646773 0.55030596
0.3819916 0.30359462
0.21589753 0.71531975
0.8437865 0.68421453
0.50220156 0.7982763
0.5851028 0.29413757
0.4820181 0.9056313
0.7147139 0.67610824
0.8244926 0.4159453
0.20637947 0.6572235
0.79142404 0.46519294
0.83365977 0.37121555
0.14332089 0.75933546
0.5673366 0.20853224
0.58689237 0.6409492
0.3853307 0.4113532
0.73200524 0.5100987
0.21776095 0.71533346
0.3457019 0.19618018
0.57078505 0.16358992
0.88147056 0.733047
0.7094666 0.7030328
0.8304612 0.17894979
0.6821706 0.78388995
0.58539504 0.84306544
0.19048724 0.76419157
0.29735586 0.8142563
0.5221276 0.88816065
0.844093 0.36229298
0.37081662 0.25429288
0.29106438 0.80079496
0.5605869 0.86573625
0.2975997 0.36215323
0.30388835 0.8232541
0.6340104 0.68560904
0.2197152 0.6885614
0.7813575 0.514484
0.20637947 0.6572235
0.6328333 0.7753643
0.15146121 0.72375685
0.21652475 0.782259
0.30803475 0.59514236
0.30938345 0.18300253
0.21434008 0.69298947
0.2953116 0.8053021
0.35746366 0.43381906
0.17189069 0.77740455
0.2197152 0.6885614
0.5218544 0.72208536
0.7135874 0.7209236
0.55164737 0.8119982
0.20693961 0.6036412
0.55526805 0.856825
0.57570344 0.22208087
0.32427382 0.21871063
0.14320007 0.750425
0.89967173 0.7418232
0.20693961 0.6036412
0.28069744 0.49653348
0.14069477 0.8483819
0.51387984 0.49689275
0.5312385 0.48338893
0.30938345 0.18300253
0.3465398 0.44279543
0.5221276 0.88816065
0.38190567 0.33950758
0.28427678 0.13847713
0.6340104 0.68560904
0.78357476 0.50103974
0.7797741 0.51448727
0.32594162 0.42037532
0.3541457 0.29025048
0.36825925 0.42034766
0.8053952 0.38906586
0.5247806 0.52396315
0.49828914 0.8430893
0.24898335 0.79147637
0.17205046 0.7863196
0.9060689 0.799719
0.7494589 0.63109314
0.5500789 0.16343325
0.14163698 0.83503294
0.27680415 0.7738625
0.84199494 0.68422645
0.2389632 0.5859046
0.28979757 0.19655855
0.29648995 0.5950927
0.3290242 0.23211668
0.3693925 0.40238878
0.49187163 0.49235368
0.828909 0.37120572
0.72444004 0.6715647
0.5500789 0.16343325
0.59548986 0.74875927
0.3821927 0.4113561
0.35746366 0.43381906
0.52748775 0.8119772
0.3708178 0.3978975
0.8051205 0.39354277
0.780129 0.5189667
0.6052747 0.38875455
0.2405509 0.7913996
0.3742123 0.25427493
0.26672313 0.5144159
0.86809355 0.7331516
0.690863 0.64934874
0.31067306 0.3666042
0.17205046 0.7863196
0.5010164 0.5194025
0.37672246 0.28566578
0.5837845 0.1996457
0.35137966 0.24991311
0.5249404 0.4878911
0.52475387 0.5284715
0.58331 0.67695415
0.8286966 0.49201608
0.38477784 0.3350091
0.6340104 0.68560904
0.72767717 0.57291424
0.6335211 0.6811216
0.706198 0.599918
0.58539504 0.84306544
0.74352604 0.65352654
0.34325802 0.27236637
0.55549705 0.79400533
0.843174 0.5635468
0.5655587 0.20852076
0.60981274 0.8338558
0.7169772 0.5235923
0.17302172 0.78187144
0.3847084 0.3574605
0.78758806 0.55925924
0.36982653 0.42034662
0.5808235 0.6994516
0.2267983 0.8135811
0.26331016 0.6530911
0.72863346 0.6177537
0.693965 0.6583022
0.780659 0.5995886
0.579597 0.7758311
0.17264435 0.719459
0.784361 0.55926996
0.828909 0.37120572
0.3858725 0.3799125
0.5641664 0.74901533
0.3232928 0.5548751
0.24252094 0.8271178
0.70901906 0.7254378
0.30938345 0.18300253
0.5989681 0.7217873
0.5232198 0.5194511
0.3835091 0.33950284
0.14320007 0.750425
0.52957994 0.81648546
0.7159898 0.5325708
0.32123968 0.4203784
0.24535075 0.61722744
0.5040737 0.7713621
0.28534508 0.5189322
0.8565081 0.50538915
0.21652475 0.782259
0.21430686 0.7019172
0.33221087 0.42037123
0.62289226 0.7171175
0.2352893 0.6171782
0.5217367 0.5014137
0.29406115 0.5279095
0.14221376 0.8216794
0.57961047 0.31663102
0.6017992 0.7531967
0.50757736 0.49688303
0.29648995 0.5950927
0.7084426 0.4697359
0.5809584 0.22211304
0.9382003 0.21537541
0.85691816 0.50985897
0.17304814 0.71500313
0.30938345 0.18300253
0.37766317 0.42034152
0.8221798 0.37566677
0.29687193 0.15625852
0.37975165 0.38441405
0.7084426 0.4697359
0.48282367 0.90116346
0.27662653 0.34429485
0.35490143 0.20507815
0.35663688 0.27230215
0.20693961 0.6036412
0.71382564 0.6312808
0.2185556 0.60369384
0.30938345 0.18300253
0.60943735 0.6453209
0.20755534 0.7866392
0.7052392 0.72546667
0.6085032 0.3842571
0.4820181 0.9056313
0.23057462 0.7288226
0.7854058 0.55478793
0.5677434 0.258039
0.30938345 0.18300253
0.27662653 0.34429485
0.6227727 0.90984285
0.58264846 0.6994388
0.5467797 0.933096
0.85375595 0.509865
0.72705734 0.6670672
0.31260028 0.37108165
0.37776124 0.37543705
0.5007605 0.789288
0.8051205 0.39354277
0.23660731 0.57248324
0.37081662 0.25429288
0.5498915 0.83445305
0.5861074 0.78026235
0.26411766 0.4025117
0.3464426 0.19169632
0.8480256 0.5635301
0.14320007 0.750425
0.25143948 0.7245167
0.28825668 0.38456795
0.36561555 0.2767442
0.5029955 0.843137
0.7881853 0.5637354
0.27182662 0.34430838
0.2471238 0.7557444
0.30201524 0.52792877
0.30943295 0.37108818
0.28905445 0.7918415
0.37798923 0.31258664
0.14332089 0.75933546
0.53441566 0.7851018
0.5232198 0.5194511
0.5851028 0.29413757
0.7930872 0.59505725
0.49045855 0.82956123
0.2140614 0.67512965
0.73034596 0.58187395
0.90718806 0.8041651
0.58648294 0.78474694
0.3600984 0.31265292
0.6080635 0.62284416
0.3462663 0.24994071
0.28872782 0.089287266
0.84610665 0.64845914
0.5920965 0.33468667
0.8526077 0.51433825
0.2389632 0.5859046
0.60685045 0.38875702
0.35637045 0.29472566
0.3917857 0.370918
0.27258286 0.59051543
0.5799127 0.7803173
0.48223096 0.5058512
0.7886254 0.5547776
0.20007743 0.61700594
0.5694357 0.2580478
0.501094 0.7848029
0.4820181 0.9056313
0.5549877 0.9732841
0.58570266 0.74883926
0.3290242 0.23211668
0.14426602 0.75488865
0.51226765 0.8790915
0.5170778 0.487881
0.27451497 0.44727346
0.8154939 0.38012967
0.5771146 0.23108718
0.48893374 0.9146624
0.742613 0.6400909
0.4701844 0.74863136
0.27662653 0.34429485
0.93206125 0.16185446
0.26074612 0.66201776
0.5781551 0.7848216
0.84573185 0.65292937
0.3925398 0.3888847
0.9136767 0.13051148
0.51998043 0.52845985
0.17362908 0.76850545
0.56435883 0.25802147
0.80364007 0.53234667
0.6821706 0.78388995
0.7904292 0.5682054
0.34967518 0.24992232
0.5582919 0.7490634
0.85612714 0.5009191
0.1421141 0.74596137
0.5232198 0.5194511
0.14332089 0.75933546
0.62289226 0.7171175
0.23063502 0.69310105
0.58919704 0.44279426
0.35330516 0.22301142
0.7877757 0.49207366
0.20616409 0.78216666
0.35597005 0.26782152
0.1937829 0.7106951
0.2857821 0.5995228
0.6340104 0.68560904
0.39515805 0.3754033
0.35746366 0.43381906
0.6317827 0.64519495
0.7924974 0.492067
0.3181173 0.4652109
0.3822316 0.3439964
0.50791407 0.8700825
0.57885003 0.2310974
0.35091856 0.3037174
0.5747803 0.6860041
0.040689882 0.62067443
0.14332089 0.75933546
0.70776165 0.71200675
0.58138657 0.42927444
0.58374506 0.74885523
0.5817443 0.6814611
0.49730167 0.8296288
0.5441513 0.65919876
0.30201524 0.52792877
0.73042405 0.51010174
0.8617823 0.8045909
0.22151595 0.68857354
0.14110658 0.8305747
0.5044261 0.49687815
0.6447268 0.65410525
0.34104344 0.25893155
0.6088615 0.5193401
0.8205985 0.37566373
0.14332089 0.75933546
0.60675174 0.78007925
0.5772824 0.22658919
0.6399783 0.6586248
0.3853307 0.4113532
0.90243375 0.77300864
0.8776488 0.73307693
0.78819114 0.4607152
0.3051969 0.5279365
0.5759906 0.17261818
0.54470086 0.7671514
0.5799311 0.3031217
0.20463847 0.6125626
0.8162128 0.43831983
0.55164737 0.8119982
0.17189069 0.77740455
0.21299629 0.59920156
0.5673366 0.20853224
0.79597104 0.8320046
0.38477784 0.3350091
0.18648568 0.73294264
0.54066557 0.91525036
0.32967937 0.13363327
0.31288654 0.8233419
0.29813918 0.59509987
0.14633827 0.7638157
0.21191785 0.60366374
0.36982653 0.42034662
0.515207 0.5284482
0.60210276 0.90559995
0.7270337 0.55048794
0.26890057 0.7559259
0.15901652 0.8040233
0.83962536 0.7423047
0.21800198 0.7867333
0.36239657 0.29021484
0.26684484 0.73803866
0.5467797 0.933096
0.7185673 0.61780304
0.58582383 0.19516367
0.20464018 0.6572132
0.15523203 0.72378546
0.8069709 0.38906828
0.8241582 0.37119594
0.6287737 0.86949444
0.14320007 0.750425
0.79501903 0.57714295
0.58713126 0.20416397
0.579597 0.7758311
0.27662653 0.34429485
0.28476304 0.47862566
0.5097672 0.73996943
0.21488209 0.737627
0.37672246 0.28566578
0.5881234 0.6994005
0.20693961 0.6036412
0.598992 0.744241
0.5312385 0.48338893
0.63336784 0.5732625
0.18824874 0.6392648
0.706198 0.599918
0.763772 0.90825325
0.3853307 0.4113532
0.27422693 0.5905222
0.5458941 0.65918833
0.8711986 0.7197399
0.8660248 0.66174215
0.35746366 0.43381906
0.8304612 0.17894979
0.6080635 0.62284416
0.20443003 0.65274763
0.81989133 0.38461295
0.27291492 0.45175052
0.22151595 0.68857354
0.3112171 0.18298952
0.5840179 0.19515137
0.55792516 0.41122702
0.2405509 0.7913996
0.5989681 0.7217873
0.2185556 0.60369384
0.17001925 0.8531372
0.23660731 0.57248324
0.2549609 0.7959951
0.85577524 0.49644887
0.9161535 0.13944611
0.72060806 0.5505076
0.28069744 0.49653348
0.3853307 0.4113532
0.46861848 0.76208127
0.87288696 0.7152646
0.1992357 0.65271735
0.3290242 0.23211668
0.35329747 0.23197432
0.5059057 0.7399387
0.17526606 0.7105604
0.844093 0.36229298
0.5799586 0.6814728
0.31260028 0.37108165
0.34692398 0.28579813
0.47045135 0.78004265
0.30107024 0.11151858
0.2683065 0.51441914
0.3475057 0.19616795
0.8439688 0.63506526
0.72061336 0.631245
0.4934456 0.49235594
0.19243568 0.7775855
0.27502656 0.34429935
0.280588 0.51892185
0.17264435 0.719459
0.5441513 0.65919876
0.3541893 0.30370447
0.5771146 0.23108718
0.24550407 0.568044
0.7150209 0.64921004
0.58689237 0.6409492
0.2924673 0.16523503
0.15523203 0.72378546
0.83934236 0.71551263
0.70303476 0.6985966
0.35589784 0.43381944
0.29874536 0.12047809
0.57885003 0.2310974
0.8006681 0.3890585
0.52466464 0.54199576
0.22315435 0.8090855
0.14990935 0.74602455
0.5028079 0.501382
0.3286885 0.16048719
0.55185807 0.8209723
0.58555144 0.6859322
0.5251464 0.81644285
0.8304612 0.17894979
0.27662653 0.34429485
0.59702754 0.4382898
0.35998172 0.2722861
0.828909 0.37120572
0.38317096 0.33501408
0.57902586 0.22659966
0.54824466 0.15892252
0.5594942 0.41122842
0.54916126 0.2534385
0.8035464 0.39354053
0.28319308 0.47862405
0.5920965 0.33468667
0.3299659 0.23659022
0.8619139 0.75551367
0.63045406 0.6496959
0.5028601 0.789307
0.17526606 0.7105604
0.53226227 0.78957355
0.19672418 0.61698955
0.38602537 0.3529666
0.6317827 0.64519495
0.8773398 0.72861767
0.7562969 0.6400156
0.8972266 0.7373835
0.31469426 0.3576319
0.6111701 0.6183312
0.78828955 0.4651949
0.59233016 0.44729948
0.28120756 0.48757824
0.4919176 0.4878486
0.2797439 0.5278747
0.8423122 0.56802094
0.38376167 0.41135466
0.25073573 0.76470506
0.78758806 0.55925924
0.48696882 0.50585973
0.6112727 0.41127583
0.828909 0.37120572
0.8241582 0.37119594
0.6358048 0.6855971
0.5025354 0.7937919
0.58331 0.67695415
0.919353 0.14392899
0.54824466 0.15892252
0.31225908 0.36660075
0.57885003 0.2310974
0.83076483 0.41595018
0.6358048 0.6855971
0.5040737 0.7713621
0.2845163 0.5278863
0.53909546 0.40670118
0.78379595 0.554793
0.85567284 0.5277435
0.5737175 0.78037226
0.4939129 0.771274
0.84438246 0.648469
0.55426186 0.8971766
0.6876236 0.6942205
0.30201524 0.52792877
0.48974904 0.528386
0.26411766 0.4025117
0.27340153 0.59499353
0.17485783 0.6837993
0.27258286 0.59051543
0.84717596 0.56800365
0.3929137 0.36193204
0.36742103 0.25431082
0.23254411 0.6975802
0.7218678 0.5639634
0.27139434 0.44279602
0.7179309 0.635743
0.5722728 0.17259087
0.53226227 0.78957355
0.7443688 0.63111997
0.8415568 0.5635523
0.39515805 0.3754033
0.9028779 0.7952916
0.77569544 0.59961057
0.79289097 0.4607128
0.6821706 0.78388995
0.37410635 0.40238324
0.78070873 0.47416118
0.62289226 0.7171175
0.57419664 0.7534252
0.8464084 0.56353563
0.5721718 0.78936416
0.5747803 0.6860041
0.84964293 0.56352454
0.8423122 0.56802094
0.642993 0.6541154
0.29606006 0.523435
0.30201524 0.52792877
0.19048724 0.76419157
0.6084263 0.38875946
0.23864308 0.6171946
0.34301051 0.83704746
0.86155516 0.7510542
0.29648995 0.5950927
0.78379595 0.554793
0.3402907 0.19621682
0.23261598 0.70204663
0.30938345 0.18300253
0.17362908 0.76850545
0.1403128 0.7548557
0.61620533 0.6183064
0.5837845 0.1996457
0.9136767 0.13051148
0.6017329 0.43378648
0.3600984 0.31265292
0.47306296 0.77557963
0.58422786 0.6949325
0.5170979 0.48337254
0.6165773 0.59581745
0.7190016 0.55051255
0.49038795 0.4833416
0.51548153 0.49238712
0.23660731 0.57248324
0.70334923 0.7254811
0.35161972 0.27232623
0.29112586 0.79632807
0.2017715 0.733062
0.5441513 0.65919876
0.35796437 0.3620132
0.39199495 0.37540942
0.5365331 0.7806289
0.31981987 0.18740387
0.5744176 0.33463198
0.8526077 0.51433825
0.5004178 0.7937725
0.20263378 0.71968365
0.37081662 0.25429288
0.7924631 0.58162975
0.6165773 0.59581745
0.6001671 0.43378606
0.23254411 0.6975802
0.93017447 0.16184011
0.84199494 0.68422645
0.17264435 0.719459
0.5043412 0.505891
0.2561676 0.77814746
0.5458941 0.65918833
0.58713126 0.20416397
0.2829255 0.52788246
0.14406285 0.7459771
0.5381748 0.8659201
0.7113499 0.55502397
0.17264435 0.719459
0.9039268 0.7997389
0.7877757 0.49207366
0.5218544 0.72208536
0.38376167 0.41135466
0.5227589 0.8209072
0.0638713 0.9498776
0.5852972 0.99974704
0.828909 0.37120572
0.7217853 0.6670999
0.5772824 0.22658919
0.22526915 0.7109244
0.56220835 0.74903136
0.38477784 0.3350091
0.5301616 0.7895545
0.3580155 0.29471877
0.27985603 0.4830986
0.780129 0.5189667
0.24988969 0.5501685
0.86155516 0.7510542
0.3742123 0.25427493
0.7051452 0.61786896
0.83076483 0.41595018
0.52306455 0.54199123
0.36086398 0.24537857
0.8422661 0.63507444
0.84610665 0.64845914
0.15614416 0.839632
0.3492832 0.30372387
0.24243948 0.6082726
0.16601858 0.8174556
0.79154617 0.46967217
0.84610665 0.64845914
0.4549103 0.5642922
0.28069744 0.49653348
0.75912064 0.65343535
0.38365504 0.4068634
0.3330176 0.15597877
0.5028079 0.501382
0.19628498 0.6125227
0.26378632 0.6575651
0.5635251 0.9508063
0.5799127 0.7803173
0.040689882 0.62067443
0.5655587 0.20852076
0.2267983 0.8135811
0.34546015 0.24546354
0.3243743 0.42037633
0.51528996 0.51943374
0.8221798 0.37566677
0.48647228 0.87881345
0.32594162 0.42037532
0.8412062 0.71549886
0.62289226 0.7171175
0.29956442 0.44727647
0.28319308 0.47862405
0.37950027 0.2811662
0.36807147 0.41136897
0.38602537 0.3529666
0.81169796 0.38907564
0.5739564 0.7489353
0.37081662 0.25429288
0.19337648 0.6392929
0.24619243 0.7735953
0.330116 0.1291561
0.20343074 0.6170224
0.4820181 0.9056313
0.8482411 0.5009322
0.49337026 0.86544746
0.57235235 0.21756145
0.8332496 0.37568817
0.89828336 0.74629337
0.28291306 0.77838355
0.4693081 0.8741506
0.7366618 0.6625276
0.5937036 0.3346916
0.3549645 0.27231017
0.52810574 0.47887534
0.63350147 0.6451853
0.14426602 0.75488865
0.54824466 0.15892252
0.2547679 0.52334
0.8612453 0.50538063
0.23864308 0.6171946
0.3123154 0.30834976
0.3051969 0.5279365
0.28837946 0.5368522
0.85221833 0.44726798
0.5781551 0.7848216
0.14633827 0.7638157
0.51078767 0.86563116
0.21434008 0.69298947
0.5075169 0.8745595
0.70607567 0.7209801
0.6502223 0.6405997
0.5881234 0.6994005
0.50803006 0.807305
0.5862984 0.69941324
0.7723864 0.5996251
0.23561253 0.81366533
0.36825925 0.42034766
0.6112727 0.41127583
0.21733634 0.59475297
0.58539504 0.84306544
0.3815279 0.29910812
0.7846279 0.4920781
0.7494589 0.63109314
0.9039268 0.7997389
0.31260028 0.37108165
0.6088158 0.78006095
0.36727247 0.3036528
0.20693961 0.6036412
0.33076078 0.18732738
0.6585968 0.6540239
0.48893374 0.9146624
0.7884102 0.46967462
0.28476304 0.47862566
0.36138207 0.39790973
0.6502223 0.6405997
0.3806155 0.27667388
0.19084452 0.7864888
0.5894032 0.69040185
0.35428917 0.42933217
0.35458568 0.2812799
0.30318856 0.5324118
0.30938345 0.18300253
0.90122324 0.7774769
0.56435883 0.25802147
0.6085032 0.3842571
0.26089483 0.7603255
0.5474621 0.2534295
0.15187036 0.82622737
0.8789511 0.72414356
0.35589784 0.43381944
0.6358048 0.6855971
0.27340153 0.59499353
0.24576001 0.72000706
0.505396 0.87005574
0.86155516 0.7510542
0.48065165 0.50584835
0.8480256 0.5635301
0.040689882 0.62067443
0.26355645 0.5144094
0.5655587 0.20852076
0.5467797 0.933096
0.48893374 0.9146624
0.46283114 0.52381974
0.14531204 0.75935215
0.57885003 0.2310974
0.58799917 0.7533109
0.17485783 0.6837993
0.32540676 0.15603767
0.35308033 0.29473945
0.6227727 0.90984285
0.52004784 0.51944417
0.5474621 0.2534295
0.30817577 0.3755719
0.20693961 0.6036412
0.742613 0.6400909
0.3805492 0.29013637
0.8154939 0.38012967
0.5673366 0.20853224
0.58539504 0.84306544
0.1898131 0.715127
0.46861848 0.76208127
0.448286 0.6766336
0.79597104 0.8320046
0.7210602 0.5863962
0.8480256 0.5635301
0.19672418 0.61698955
0.54307264 0.85246646
0.17189069 0.77740455
0.38243842 0.3080814
0.73486173 0.6535772
0.8449483 0.24159582
0.8237612 0.37566984
0.7162272 0.63575214
0.6417201 0.65861446
0.24441338 0.554624
0.46861848 0.76208127
0.49333197 0.7533109
0.7073184 0.59542626
0.7069282 0.66270846
0.79597104 0.8320046
0.54916126 0.2534385
0.5753791 0.23107696
0.614162 0.7575819
0.14433216 0.76379853
0.3659073 0.36199477
0.56435883 0.25802147
0.6502373 0.7124276
0.20637947 0.6572235
0.24647011 0.7691333
0.32880548 0.2007717
0.54916126 0.2534385
0.5808235 0.6994516
0.8241582 0.37119594
0.19048724 0.76419157
0.48893374 0.9146624
0.53226227 0.78957355
0.32200417 0.16948739
0.35746366 0.43381906
0.85770434 0.5009165
0.17769842 0.830937
0.7400604 0.6535468
0.29565194 0.52791333
0.9156556 0.13052793
0.32594162 0.42037532
0.15814833 0.7148931
0.81989133 0.38461295
0.5920965 0.33468667
0.4941228 0.81614435
0.52004784 0.51944417
0.5862984 0.69941324
0.70303476 0.6985966
0.34827504 0.2723423
0.236384 0.61271405
0.55596894 0.87475055
0.57078505 0.16358992
0.78576416 0.48311666
0.5656876 0.20402296
0.37410635 0.40238324
0.3068221 0.24119978
0.35161972 0.27232623
0.3470844 0.29924852
0.26170462 0.60388947
0.784361 0.55926996
0.19316624 0.77313286
0.48994702 0.83403945
0.31080392 0.16957052
0.23617445 0.73333085
0.35746366 0.43381906
0.2197152 0.6885614
0.15901652 0.8040233
0.15901652 0.8040233
0.19316624 0.77313286
0.31546804 0.34866667
0.2644556 0.6217937
0.28356114 0.50101614
0.57553893 0.22657871
0.81989133 0.38461295
0.84393346 0.56801516
0.34535095 0.25442737
0.5025888 0.847616
0.35243878 0.22749792
0.29978842 0.5951069
0.440297 0.98117644
0.8041165 0.6173834
0.78439933 0.48759836
0.3853307 0.4113532
0.48677424 0.8026192
0.21252963 0.6929771
0.35428917 0.42933217
0.29324058 0.6040326
0.22261325 0.7644653
0.3835091 0.33950284
0.31225908 0.36660075
0.2061615 0.6527577
0.5044261 0.49687815
0.608654 0.8697081
0.77944154 0.51000756
0.3541893 0.30370447
0.5847258 0.7039191
0.6366202 0.57325053
0.1891762 0.72404325
0.85249144 0.52775127
0.5323954 0.9017165
0.56435883 0.25802147
0.70303476 0.6985966
0.0638713 0.9498776
0.19750427 0.6527072
0.1422894 0.7548722
0.2878056 0.33082992
0.3853307 0.4113532
0.5323954 0.9017165
0.60970366 0.41127437
0.14069477 0.8483819
0.56435883 0.25802147
0.50592047 0.5058939
0.25411072 0.7781294
0.276085 0.3398199
0.17485783 0.6837993
0.3600984 0.31265292
0.27175245 0.59498644
0.35637578 0.36201692
0.7634449 0.9037921
0.38968942 0.397873
0.58539504 0.84306544
0.46861848 0.76208127
0.854864 0.5456268
0.34264395 0.21411696
0.5500863 0.8434235
0.6017329 0.43378648
0.32105896 0.3576163
0.7439604 0.608715
0.3475057 0.19616795
0.8123351 0.38012397
0.14406285 0.7459771
0.17264435 0.719459
0.8747503 0.71525085
0.79012203 0.4741528
0.77904624 0.5413693
0.36982653 0.42034662
0.26332712 0.6709748
0.49123058 0.8430177
0.57859963 0.19511454
0.30638546 0.5951353
0.6670209 0.622547
0.3061387 0.20987244
0.8876098 0.7374596
0.27175245 0.59498644
0.57419664 0.7534252
0.5783521 0.24459289
0.6177539 0.5868162
0.86351955 0.7510381
0.56053686 0.7580311
0.52968305 0.47436672
0.4934456 0.49235594
0.330116 0.1291561
0.21488209 0.737627
0.868373 0.7376118
0.3051969 0.5279365
0.20414293 0.60809445
0.21434008 0.69298947
0.25911734 0.7335102
0.7877757 0.49207366
0.2845163 0.5278863
0.2651398 0.5144127
0.3307579 0.23210652
0.6032987 0.43378687
0.58539504 0.84306544
0.5920965 0.33468667
0.8608588 0.50091124
0.28476304 0.47862566
0.8162128 0.43831983
0.5025888 0.847616
0.53226227 0.78957355
0.14320007 0.750425
0.21046995 0.63938665
0.26336434 0.603897
0.35746366 0.43381906
0.9018789 0.7908435
0.5458941 0.65918833
0.23335645 0.57247126
0.2924673 0.16523503
0.32979655 0.22763333
0.46806782 0.76656336
0.28142712 0.48310038
0.24364354 0.74232024
0.303693 0.20093888
0.63336784 0.5732625
0.37655643 0.25874817
0.78227764 0.4741598
0.6001671 0.43378606
0.38208497 0.40686503
0.82090956 0.4383205
0.38132918 0.3844114
0.89293486 0.7329576
0.37748563 0.41136035
0.2610295 0.7335251
0.29247034 0.52790564
0.7469047 0.64454734
0.29648995 0.5950927
0.25710183 0.72455984
0.58264846 0.6994388
0.80364007 0.53234667
0.30583718 0.08466068
0.31260028 0.37108165
0.8205985 0.37566373
0.8951344 0.1526538
0.56788987 0.744492
0.81964934 0.42041722
0.57901937 0.2761026
0.27258286 0.59051543
0.28470117 0.11612984
0.30360606 0.52793264
0.7846279 0.4920781
0.36355728 0.42035073
0.7252781 0.61777014
0.8276287 0.41594777
0.50435704 0.76687455
0.29203334 0.53238326
0.65612113 0.631585
0.85038495 0.52328527
0.5847258 0.7039191
0.8423122 0.56802094
0.56435883 0.25802147
0.37251446 0.2542839
0.14069477 0.8483819
0.9136767 0.13051148
0.17220257 0.72391427
0.35308033 0.29473945
0.5028601 0.789307
0.5920965 0.33468667
0.35091856 0.3037174
0.23660731 0.57248324
0.57250905 0.2130639
0.5075169 0.8745595
0.37708515 0.30361396
0.7817278 0.49656254
0.3290242 0.23211668
0.6328333 0.7753643
0.3848234 0.39338797
0.35329747 0.23197432
0.74432355 0.64008147
0.8654531 0.41150746
0.28992087 0.6040175
0.901635 0.76855767
0.569553 0.9462593
0.19316624 0.77313286
0.3191248 0.5324525
0.57104886 0.20405822
0.5467797 0.933096
0.72767717 0.57291424
0.79597104 0.8320046
0.25839177 0.67541367
0.3290242 0.23211668
0.7920486 0.48310944
0.29570872 0.59956664
0.30638546 0.5951353
0.48942038 0.83851695
0.19112763 0.77311516
0.5126146 0.87461406
0.4903735 0.88781345
0.2158552 0.8536106
0.78576416 0.48311666
0.5594942 0.41122842
0.4950196 0.49235815
0.5655587 0.20852076
0.28623077 0.1384612
0.5781551 0.7848216
0.14406285 0.7459771
0.17717294 0.8843987
0.33917412 0.3934531
0.61000204 0.38876194
0.30913442 0.5369078
0.693965 0.6583022
0.52748775 0.8119772
0.34966335 0.44728255
0.63045406 0.6496959
0.51211804 0.5194268
0.22142231 0.6841077
0.5989725 0.7846349
0.82023185 0.38013822
0.17302172 0.78187144
0.5007605 0.789288
0.52810574 0.47887534
0.5894586 0.57342505
0.90216076 0.75963706
0.35597005 0.26782152
0.28291306 0.77838355
0.4950196 0.49235815
0.6080635 0.62284416
0.5020414 0.7713445
0.82872313 0.4427962
0.32200417 0.16948739
0.7494589 0.63109314
0.706198 0.599918
0.27258286 0.59051543
0.6042141 0.84287465
0.17189069 0.77740455
0.6017237 0.44729835
0.35354564 0.28576875
0.81989133 0.38461295
0.7875595 0.581649
0.6887951 0.8420183
0.6932669 0.65382075
0.58422786 0.6949325
0.23660731 0.57248324
0.30938345 0.18300253
0.3953493 0.3798953
0.15523203 0.72378546
0.33750802 0.26791242
0.90016854 0.7596538
0.2061615 0.6527577
0.52513593 0.9374637
0.1421141 0.74596137
0.58447343 0.699426
0.6017329 0.43378648
0.5586843 0.76253927
0.83133394 0.77809304
0.784361 0.55926996
0.501094 0.7848029
0.3867952 0.4068601
0.7884102 0.46967462
0.8619139 0.75551367
0.50749975 0.50589675
0.54066557 0.83454514
0.4993307 0.8072229
0.32490766 0.16051608
0.17302172 0.78187144
0.55603933 0.8119563
0.44651008 0.6766222
0.32123968 0.4203784
0.523658 0.910578
0.54302096 0.84349513
0.19795567 0.6125307
0.54916126 0.2534385
0.58539504 0.84306544
0.31137672 0.5100258
0.26504222 0.65310127
0.8698063 0.9560889
0.8154939 0.38012967
0.2158552 0.8536106
0.5655587 0.20852076
0.374967 0.29913488
0.24693525 0.76020783
0.82339066 0.38014394
0.52466464 0.54199576
0.6340104 0.68560904
0.27780658 0.5144386
0.2267983 0.8135811
0.523658 0.910578
0.57553893 0.22657871
0.6052072 0.39325747
0.33595905 0.23207602
0.6033187 0.7486953
0.20497578 0.66614366
0.7723864 0.5996251
0.89494383 0.75077975
0.32114476 0.46969622
0.27287856 0.3398294
0.901635 0.76855767
0.3709638 0.40238693
0.2017715 0.733062
0.35597005 0.26782152
0.58539504 0.84306544
0.7194207 0.5864029
0.15121998 0.8573966
0.38383177 0.34399188
0.8241582 0.37119594
0.17264435 0.719459
0.54863733 0.35258782
0.52748775 0.8119772
0.36825925 0.42034766
0.5726956 0.7624204
0.70607567 0.7209801
0.74205434 0.61768776
0.37817413 0.3844167
0.472099 0.7665979
0.1745184 0.719473
0.27042845 0.78273964
0.2680575 0.38907805
0.61000204 0.38876194
0.19628498 0.6125227
0.25888923 0.7201056
0.65193367 0.64059025
0.60970366 0.41127437
0.8608588 0.50091124
0.3462663 0.24994071
0.27463984 0.51443213
0.55789894 0.96429944
0.5221276 0.88816065
0.6353062 0.6811099
0.24823275 0.7736131
0.38376167 0.41135466
0.5726956 0.7624204
0.81901693 0.37566063
0.78997815 0.4696734
0.2809733 0.51444507
0.5458941 0.65918833
0.34141356 0.47419772
0.5538434 0.8119772
0.78758806 0.55925924
0.32594162 0.42037532
0.39199495 0.37540942
0.3273094 0.15602295
0.7650518 0.6489231
0.52513593 0.9374637
0.5772824 0.22658919
0.6328333 0.7753643
0.3325888 0.25897518
0.5921054 0.7308232
0.30159494 0.53240776
0.30388835 0.8232541
0.5028601 0.789307
0.5060017 0.49688056
0.5233957 0.47887048
0.78758806 0.55925924
0.27174687 0.8006153
0.26194826 0.43384448
0.8526077 0.51433825
0.52513593 0.9374637
0.2547679 0.52334
0.52957994 0.81648546
0.7164888 0.67609686
0.30201524 0.52792877
0.39552703 0.38438746
0.50345916 0.74890333
0.2969898 0.5458335
0.8423122 0.56802094
0.2252031 0.69306386
0.5148483 0.8791194
0.30638546 0.5951353
0.2678221 0.62181056
0.5645104 0.7579978
0.27147317 0.51442564
0.5277267 0.8030019
0.6032987 0.43378687
0.37748563 0.41136035
0.20698409 0.70186543
0.58539504 0.84306544
0.8006681 0.3890585
0.21709847 0.77780294
0.38190567 0.33950758
0.2556251 0.7870723
0.54066557 0.7851579
0.17302172 0.78187144
0.6274296 0.5507936
0.20698409 0.70186543
0.5481963 0.16341902
0.35606566 0.35753068
0.51099104 0.8297642
0.28162318 0.47862244
0.32583454 0.4158914
0.039171036 0.61622095
0.48905092 0.8788413
0.5138115 0.735508
0.26863983 0.3756484
0.6010539 0.7846163
0.2819934 0.536835
0.23515065 0.60376906
0.35503143 0.23196414
0.19628498 0.6125227
0.84438246 0.648469
0.7870156 0.5547828
0.4896809 0.8743686
0.5808235 0.6994516
0.21961248 0.59923077
0.14163698 0.83503294
0.46317837 0.510318
0.3853307 0.4113532
0.56435883 0.25802147
0.4954724 0.8251267
0.3929137 0.36193204
0.3568456 0.31266496
0.576073 0.7848403
0.5054169 0.7489193
0.6001671 0.43378606
0.7172274 0.8014749
0.3860618 0.3844034
0.5474621 0.2534295
0.2061615 0.6527577
0.22161168 0.70643336
0.38190567 0.33950758
0.6698105 0.9137835
0.3821927 0.4113561
0.72705734 0.6670672
0.5894586 0.57342505
0.5937036 0.3346916
0.6033187 0.7486953
0.6017992 0.7531967
0.2598069 0.78711003
0.27258286 0.59051543
0.77569544 0.59961057
0.7277108 0.59982276
0.30135176 0.06236387
0.6175297 0.58231866
0.29874536 0.12047809
0.30077672 0.36214587
0.34797075 0.24993153
0.2547633 0.7066714
0.75549304 0.64449906
0.5532659 0.87029666
0.85941225 0.5187944
0.5933562 0.8116007
0.5028079 0.501382
0.3600984 0.31265292
0.39426816 0.39337447
0.78597176 0.48759633
0.5170311 0.49689764
0.3574893 0.4383072
0.5347386 0.92414135
0.3475057 0.19616795
0.5920965 0.33468667
0.784361 0.55926996
0.37239048 0.39789546
0.3541457 0.29025048
0.5157656 0.8656837
0.5323954 0.9017165
0.2267983 0.8135811
0.9161535 0.13944611
0.5799586 0.6814728
0.90216076 0.75963706
0.27982646 0.34428582
0.35746366 0.43381906
0.5538434 0.8119772
0.15901652 0.8040233
0.14433216 0.76379853
0.788074 0.5503011
0.52024025 0.4833762
0.23335645 0.57247126
0.27662653 0.34429485
0.3600984 0.31265292
0.56083935 0.76701295
0.34806716 0.24096756
0.7179271 0.6133215
0.15711184 0.8307331
0.7226998 0.5863896
0.7163933 0.9489919
0.17526606 0.7105604
0.6502373 0.7124276
0.6080635 0.62284416
0.29116425 0.79186076
0.6080635 0.62284416
0.46806782 0.76656336
0.29112586 0.79632807
0.53226227 0.78957355
0.14320007 0.750425
0.31225908 0.36660075
0.8304612 0.17894979
0.3935765 0.37540638
0.4936748 0.82062477
0.74864364 0.62661695
0.35606566 0.35753068
0.8523211 0.5501047
0.2915423 0.5950715
0.7239583 0.53255045
0.14680776 0.8083629
0.85217476 0.509868
0.47364148 0.8921077
0.5772824 0.22658919
0.5564468 0.7535721
0.5851028 0.29413757
0.3853307 0.4113532
0.5323954 0.9017165
0.3123154 0.30834976
0.26229408 0.67990875
0.5920965 0.33468667
0.37285617 0.2811965
0.61362576 0.75309896
0.19243568 0.7775855
0.32426643 0.41589263
0.60723287 0.7486633
0.35422966 0.4248445
0.28427678 0.13847713
0.24663252 0.81377083
0.26649562 0.42489046
0.5438543 0.35257542
0.3576485 0.26781324
0.4987331 0.83861065
0.537789 0.9152177
0.26204643 0.6575548
0.35589784 0.43381944
0.0638713 0.9498776
0.59076256 0.4427943
0.8727324 0.7108029
0.28079998 0.78283226
0.36212012 0.42932907
0.26692063 0.7559094
0.17189069 0.77740455
0.37672246 0.28566578
0.3385962 0.23654062
0.28785658 0.30844322
0.8846102 0.7241006
0.3462663 0.24994071
0.20789301 0.6527678
0.8565081 0.50538915
0.6358048 0.6855971
0.2955655 0.035624042
0.24619243 0.7735953
0.38921356 0.35295838
0.37503397 0.27221376
0.27389294 0.8006352
0.52373534 0.7220996
0.14069477 0.8483819
0.5122005 0.5104126
0.59233016 0.44729948
0.29112586 0.79632807
0.5181943 0.9463351
0.30845264 0.21880881
0.8565081 0.50538915
0.5091175 0.5013926
0.5881234 0.6994005
0.6033187 0.7486953
0.35746366 0.43381906
0.6111701 0.6183312
0.24220237 0.79587775
0.86427724 0.6617527
0.24814595 0.8003959
0.358472 0.31265894
0.21568568 0.67067504
0.60489225 0.9055687
0.6417201 0.65861446
0.3574408 0.24539746
0.46861848 0.76208127
0.34925643 0.26785457
0.49174836 0.8385404
0.58447343 0.699426
0.58447343 0.699426
0.8174356 0.37565762
0.85249144 0.52775127
0.8711986 0.7197399
0.28162318 0.47862244
0.29106438 0.80079496
0.14026901 0.80830103
0.8041168 0.38458648
0.26684484 0.73803866
0.483884 0.7487433
0.5910849 0.57341903
0.039008178 0.62066597
0.6080635 0.62284416
0.5028601 0.789307
0.86427724 0.6617527
0.21859708 0.78227746
0.31220075 0.17403404
0.717782 0.5998667
0.14633827 0.7638157
0.36727247 0.3036528
0.845672 0.5590672
0.30583718 0.08466068
0.62872773 0.64970577
0.49585792 0.86547375
0.70508516 0.6044099
0.5289902 0.9195966
0.28087825 0.5323548
0.17264435 0.719459
0.55086035 0.25344753
0.25888923 0.7201056
0.5044261 0.49687815
0.6080635 0.62284416
0.73326945 0.671509
0.3066948 0.21881971
0.34030244 0.28582758
0.8667486 0.74208707
0.5799586 0.6814728
0.8975232 0.14821307
0.4950196 0.49235815
0.70607567 0.7209801
0.36776057 0.3081376
0.16601858 0.8174556
0.7077293 0.5685
0.5184618 0.5194407
0.264854 0.7335551
0.39515805 0.3754033
0.3722617 0.36198002
0.2762316 0.796191
0.28291306 0.77838355
0.3290242 0.23211668
0.8041272 0.5368222
0.3281301 0.20525347
0.90327764 0.77745885
0.6096838 0.7531315
0.38477784 0.3350091
0.5312448 0.8434235
0.28291306 0.77838355
0.54564697 0.8658939
0.37837902 0.27219766
0.8619139 0.75551367
0.2547679 0.52334
0.24535075 0.61722744
0.6108798 0.78004265
0.50757736 0.49688303
0.26016527 0.675425
0.49236372 0.8116426
0.7723864 0.5996251
0.22603434 0.8180346
0.79154617 0.46967217
0.4950196 0.49235815
0.385218 0.3664407
0.7562969 0.6400156
0.37783918 0.28117377
0.79124725 0.45623425
0.6386945 0.66312414
0.3475057 0.19616795
0.52513593 0.9374637
0.54066557 0.7716797
0.89828336 0.74629337
0.5907061 0.7622677
0.6442636 0.6496164
0.18824874 0.6392648
0.7226998 0.5863896
0.5498915 0.83445305
0.55372226 0.8074898
0.5233957 0.47887048
0.36086398 0.24537857
0.2266442 0.8269617
0.51991004 0.8343381
0.3462663 0.24994071
0.7139726 0.6985202
0.2905895 0.16524915
0.5660511 0.25803024
0.5500789 0.16343325
0.58539504 0.84306544
0.35796437 0.3620132
0.14426602 0.75488865
0.30908704 0.36660773
0.21878865 0.8090442
0.1422894 0.7548722
0.85249144 0.52775127
0.5772824 0.22658919
0.32594162 0.42037532
0.27662653 0.34429485
0.7854058 0.55478793
0.8465054 0.6439886
0.6335211 0.6811216
0.77952033 0.559286
0.7260513 0.57292026
0.5170778 0.487881
0.5218544 0.72208536
0.5673366 0.20853224
0.28884616 0.53237516
0.28069744 0.49653348
0.2905895 0.16524915
0.783054 0.4920803
0.5660511 0.25803024
0.50064224 0.8431132
0.91035324 0.7996792
0.18258066 0.8220721
0.2728607 0.75595886
0.2851864 0.5368436
0.50749975 0.50589675
0.2598069 0.78711003
0.2739514 0.47413734
0.73406017 0.6401379
0.5500789 0.16343325
0.28671563 0.5010213
0.20674665 0.71078944
0.37148282 0.2587744
0.7349129 0.6625382
0.57140845 0.81180984
0.6135107 0.600329
0.16931632 0.88431334
0.6010539 0.7846163
0.23063502 0.69310105
0.27662653 0.34429485
0.23498188 0.5724773
0.14069477 0.8483819
0.61733514 0.60930693
0.23638424 0.7110054
0.8241582 0.37119594
0.7036436 0.6313344
0.50592047 0.5058939
0.5633906 0.7804639
0.627613 0.6362301
0.3572016 0.37547693
0.19119729 0.7954087
0.8205985 0.37566373
0.632216 0.685621
0.5040737 0.7713621
0.84610665 0.64845914
0.8162128 0.43831983
0.47100452 0.87864673
0.29112586 0.79632807
0.6399783 0.6586248
0.8710237 0.7152784
0.5781551 0.7848216
0.58555144 0.6859322
0.693965 0.6583022
0.77944154 0.51000756
0.35819775 0.2498763
0.29484072 0.5950857
0.3324695 0.16045834
0.71382564 0.6312808
0.2596093 0.6932996
0.28825668 0.38456795
0.34994736 0.27233428
0.45329246 0.56428653
0.8773398 0.72861767
0.70607567 0.7209801
0.31260028 0.37108165
0.8754413 0.7286323
0.7870156 0.5547828
0.63139665 0.64070356
0.8619139 0.75551367
0.5920965 0.33468667
0.795958 0.5726626
0.32603186 0.21869971
0.5939026 0.45180425
0.596062 0.7083316
0.24535075 0.61722744
0.8253426 0.37567288
0.5007605 0.789288
0.5148483 0.8791194
0.17189069 0.77740455
0.3552192 0.31267098
0.6249075 0.64523363
0.38511255 0.33949807
0.4567356 0.68118006
0.2651398 0.5144127
0.51047975 0.80284065
0.33221087 0.42037123
0.27662653 0.34429485
0.28785658 0.30844322
0.2624941 0.6620283
0.28291306 0.77838355
0.5759906 0.17261818
0.57104886 0.20405822
0.3625756 0.24536912
0.28992087 0.6040175
0.5467797 0.933096
0.2598069 0.78711003
0.14406285 0.7459771
0.35091856 0.3037174
0.5538434 0.8119772
0.855337 0.509862
0.3692452 0.39789954
0.5987093 0.7621999
0.31895766 0.5503797
0.49123058 0.8430177
0.26631692 0.51889086
0.6112727 0.41127583
0.14069477 0.8483819
0.2680623 0.42488965
0.5312385 0.48338893
0.82497 0.3801468
0.29016492 0.0044288295
0.23660731 0.57248324
0.35677928 0.21402755
0.23498188 0.5724773
0.7139249 0.6626659
0.3276048 0.16944583
0.79597104 0.8320046
0.5441513 0.65919876
0.5750729 0.24007457
0.7875595 0.581649
0.35319862 0.36202428
0.26530927 0.8005554
0.33987895 0.18726364
0.6340104 0.68560904
0.2372274 0.755662
0.6085032 0.3842571
0.35823444 0.32611802
0.28623077 0.1384612
0.5203232 0.82537013
0.5123042 0.4968903
0.920109 0.09937252
0.17491078 0.7150169
0.1462427 0.75490505
0.38566884 0.37542173
0.78311086 0.60405517
0.37081662 0.25429288
0.93017447 0.16184011
0.8570261 0.49197626
0.27662653 0.34429485
0.5964304 0.78017086
0.4820181 0.9056313
0.8056942 0.38458914
0.46861848 0.76208127
0.34104344 0.25893155
0.5817443 0.6814611
0.5029955 0.843137
0.6040103 0.9011021
0.6080635 0.62284416
0.2133368 0.65726495
0.6010539 0.7846163
0.4820181 0.9056313
0.27662653 0.34429485
0.5183498 0.5329634
0.34104344 0.25893155
0.5474621 0.2534295
0.52810574 0.47887534
0.14433216 0.76379853
0.9364358 0.2153643
0.7167463 0.64920014
0.17302172 0.78187144
0.47359595 0.7710977
0.2267983 0.8135811
0.38166028 0.31706184
0.39552703 0.38438746
0.52963924 0.90168566
0.58344245 0.74436647
0.3051969 0.5279365
0.27484983 0.7649108
0.20698409 0.70186543
0.23864308 0.6171946
0.5481963 0.16341902
0.7862042 0.5726986
0.27175245 0.59498644
0.8619139 0.75551367
0.19183193 0.7686622
0.8977354 0.74183875
0.534363 0.78959256
0.89914984 0.7373683
0.30135176 0.06236387
0.28085533 0.7783654
0.3123154 0.30834976
0.886832 0.72854453
0.5487161 0.8927569
0.6121766 0.7575985
0.544798 0.7806289
0.040689882 0.62067443
0.4820181 0.9056313
0.17189069 0.77740455
0.34872448 0.29924184
0.2061615 0.6527577
0.19962636 0.6125387
0.50150543 0.80724347
0.26351407 0.43384406
0.32490766 0.16051608
0.3815279 0.29910812
0.34634843 0.24097724
0.72037476 0.64021325
0.2905895 0.16524915
0.5920965 0.33468667
0.5989681 0.7217873
0.88949037 0.4025959
0.2267983 0.8135811
0.57885003 0.2310974
0.61000204 0.38876194
0.4567356 0.68118006
0.23232104 0.6886464
0.8415918 0.42043155
0.90216076 0.75963706
0.6404444 0.66311353
0.5458941 0.65918833
0.19795567 0.6125307
0.3526132 0.26783806
0.5365331 0.7806289
0.8126913 0.3756484
0.7069282 0.66270846
0.7270764 0.5818868
0.886832 0.72854453
0.6080635 0.62284416
0.8321879 0.4204254
0.19316624 0.77313286
0.3576485 0.26781324
0.5953108 0.3346966
0.27818528 0.80067515
0.78597176 0.48759633
0.38152584 0.3574683
0.34597704 0.2051366
0.5641664 0.74901533
0.38477784 0.3350091
0.5029955 0.843137
0.5227589 0.8209072
0.54372287 0.9331316
0.17264435 0.719459
0.33597064 0.25895774
0.27624273 0.49204928
0.5132766 0.86565745
0.55549705 0.79400533
0.7305719 0.6670454
0.3330176 0.15597877
0.72597885 0.58637625
0.45048684 0.55528116
0.81989133 0.38461295
0.5040737 0.7713621
0.9364358 0.2153643
0.87682265 0.7196977
0.49427474 0.766788
0.7274009 0.63120925
0.267951 0.42041317
0.2547679 0.52334
0.5737175 0.78037226
0.5739517 0.22207016
0.78486156 0.5503109
0.20269856 0.6527375
0.79597104 0.8320046
0.8381749 0.52778596
0.55164737 0.8119982
0.17264435 0.719459
0.24874663 0.5680555
0.28087825 0.5323548
0.20637947 0.6572235
0.5273632 0.8164641
0.8022438 0.38906097
0.5645104 0.7579978
0.90016854 0.7596538
0.62289226 0.7171175
0.9994629 0.100086786
0.17302172 0.78187144
0.58582383 0.19516367
0.2969898 0.5458335
0.27815312 0.52787083
0.29106438 0.80079496
0.3453714 0.21857964
0.3853307 0.4113532
0.5655587 0.20852076
0.46861848 0.76208127
0.5040737 0.7713621
0.35052592 0.20958684
0.2553085 0.791534
0.29043972 0.53237927
0.33691284 0.42036813
0.2438828 0.5680382
0.20704597 0.6795486
0.5093333 0.8207767
0.25143948 0.7245167
0.20700873 0.86689293
0.14069477 0.8483819
0.22218099 0.7689238
0.60685045 0.38875702
0.5448322 0.7851205
0.3090782 0.21432912
0.6084263 0.38875946
0.6092321 0.7665979
0.3600984 0.31265292
0.2267983 0.8135811
0.72208554 0.64020383
0.74229467 0.6087228
0.3292121 0.15600823
0.36713144 0.3844353
0.23497207 0.76010704
0.27708915 0.47414017
0.3526132 0.26783806
0.8619139 0.75551367
0.61000204 0.38876194
0.20693961 0.6036412
0.6052163 0.78457904
0.2988336 0.5279211
0.28252897 0.12955363
0.2267983 0.8135811
0.18662944 0.7061824
0.5265758 0.44279402
0.28476304 0.47862566
0.84479123 0.5635412
0.6010539 0.7846163
0.3123154 0.30834976
0.5773519 0.27609476
0.29570872 0.59956664
0.7161271 0.5998741
0.54863733 0.35258782
0.21601747 0.58581173
0.64645123 0.8872071
0.72060806 0.5505076
0.30201524 0.52792877
0.7261682 0.66259146
0.64645123 0.8872071
0.2644556 0.6217937
0.14069477 0.8483819
0.8773398 0.72861767
0.31260028 0.37108165
0.8321879 0.4204254
0.27884543 0.7738803
0.5441513 0.65919876
0.4495951 0.6811333
0.38208497 0.40686503
0.28079998 0.78283226
0.26772234 0.7961126
0.52806526 0.87029666
0.27277407 0.46070486
0.4820181 0.9056313
0.58674854 0.2941445
0.72037476 0.64021325
0.3953493 0.3798953
0.17264435 0.719459
0.5474621 0.2534295
0.57719886 0.18611276
0.37775087 0.34849846
0.7797741 0.51448727
0.32594162 0.42037532
0.7886254 0.5547776
0.25491208 0.7111404
0.93017447 0.16184011
0.84479123 0.5635412
0.30606297 0.22329931
0.4215196 0.75719994
0.8186526 0.3801354
0.5119094 0.88356847
0.8276287 0.41594777
0.78828955 0.4651949
0.29908565 0.5413603
0.17394488 0.7774226
0.3462663 0.24994071
0.22151595 0.68857354
0.70607567 0.7209801
0.21105175 0.75990546
0.8276287 0.41594777
0.14110658 0.8305747
0.58539504 0.84306544
0.3411924 0.24100628
0.85090077 0.5277551
0.543186 0.8704039
0.60943735 0.6453209
0.3805492 0.29013637
0.14069477 0.8483819
0.8660248 0.66174215
0.3541457 0.29025048
0.26672313 0.5144159
0.8468841 0.70205957
0.58539504 0.84306544
0.35196644 0.31268305
0.2683065 0.51441914
0.3525539 0.30371094
0.3189131 0.5772671
0.5763652 0.31661937
0.6502373 0.7124276
0.58539504 0.84306544
0.14426602 0.75488865
0.24910323 0.7557609
0.5967086 0.76221687
0.6502223 0.6405997
0.57104886 0.20405822
0.51711774 0.8432802
0.56560177 0.7355231
0.5781551 0.7848216
0.24243948 0.6082726
0.3132397 0.20982678
0.21800198 0.7867333
0.24874663 0.5680555
0.30143768 0.595114
0.82872313 0.4427962
0.56220835 0.74903136
0.901635 0.76855767
0.35589784 0.43381944
0.70334923 0.7254811
0.23354568 0.77794796
0.784361 0.55926996
0.78379595 0.554793
0.6140021 0.6093225
0.23617445 0.73333085
0.38368016 0.32154384
0.23781633 0.81368643
0.18648568 0.73294264
0.77569544 0.59961057
0.54704297 0.35258368
0.7358635 0.8951665
0.30159494 0.53240776
0.60918987 0.7486474
0.48233917 0.744241
0.29324058 0.6040326
0.5759906 0.17261818
0.3691188 0.25430185
0.6502223 0.6405997
0.30201524 0.52792877
0.5003239 0.7668399
0.35746366 0.43381906
0.6580721 0.6495371
0.7179309 0.635743
0.8618242 0.7198102
0.2707765 0.74253803
0.8725165 0.7018784
0.16707829 0.866471
0.2061615 0.6527577
0.30159494 0.53240776
0.35795373 0.25884426
0.518669 0.48337436
0.8423122 0.56802094
0.26229408 0.67990875
0.81989133 0.38461295
0.27662653 0.34429485
0.82339066 0.38014394
0.5029955 0.843137
0.26790258 0.5188943
0.17278305 0.77295524
0.16983655 0.7773864
0.1745184 0.719473
0.24564776 0.71107286
0.5365331 0.7806289
0.23864308 0.6171946
0.35677928 0.21402755
0.38511255 0.33949807
0.5197495 0.88365364
0.52475387 0.5284715
0.24647011 0.7691333
0.83076483 0.41595018
0.52466464 0.54199576
0.35746366 0.43381906
0.14462808 0.8083423
0.86155516 0.7510542
0.56788987 0.744492
0.706198 0.599918
0.7854058 0.55478793
0.7400604 0.6535468
0.14069477 0.8483819
0.23660731 0.57248324
0.4932139 0.8251046
0.85375595 0.509865
0.8997731 0.7908627
0.7323 0.6087694
0.56435883 0.25802147
0.58604264 0.69492006
0.30317926 0.21884152
0.29112586 0.79632807
0.79154617 0.46967217
0.29687193 0.15625852
0.8827238 0.72411495
0.5043378 0.7982961
0.3290242 0.23211668
0.38156408 0.33501902
0.51226765 0.8790915
0.6112727 0.41127583
0.27502656 0.34429935
0.60981274 0.8338558
0.5655587 0.20852076
0.60489225 0.9055687
0.26683187 0.80949944
0.28781313 0.14738803
0.58404255 0.7802807
0.1369795 0.77709717
0.79597104 0.8320046
0.3425413 0.16933492
0.706198 0.599918
0.8619139 0.75551367
0.72767717 0.57291424
0.57885003 0.2310974
0.80755764 0.47861442
0.17855304 0.6570582
0.19316624 0.77313286
0.9127215 0.80856913
0.1422894 0.7548722
0.6229212 0.5912927
0.711263 0.7836297
0.35447446 0.35753456
0.7511556 0.6310842
0.20634517 0.8356794
0.67270863 0.90033674
0.711263 0.7836297
0.71917605 0.68056095
0.33482227 0.21864514
0.17189069 0.77740455
0.93206125 0.16185446
0.29106438 0.80079496
0.7886254 0.5547776
0.8053952 0.38906586
0.9327884 0.17077231
0.3600984 0.31265292
0.2973632 0.59957397
0.26420638 0.78268415
0.33750802 0.26791242
0.15866297 0.82629395
0.14221376 0.8216794
0.574697 0.7624034
0.2158552 0.8536106
0.6404444 0.66311353
0.27662653 0.34429485
0.36825925 0.42034766
0.2835899 0.5368393
0.49477595 0.8744231
0.4877554 0.54639465
0.22151595 0.68857354
0.70334923 0.7254811
0.8852922 0.73301727
0.14936627 0.7682964
0.23497207 0.76010704
0.14158885 0.8172201
0.763772 0.90825325
0.23803173 0.7735241
0.7036436 0.6313344
0.9127215 0.80856913
0.87458444 0.71078944
0.35329747 0.23197432
0.5280356 0.9419747
0.6111701 0.6183312
0.4997032 0.80274004
0.2575366 0.68881637
0.53226227 0.78957355
0.56545615 0.7804456
0.5249538 0.48338166
0.2905895 0.16524915
0.80204654 0.5323507
0.22142231 0.6841077
0.6580721 0.6495371
0.72037476 0.64021325
0.51991004 0.8343381
0.8376876 0.74232024
0.29247034 0.52790564
0.2975997 0.36215323
0.3051969 0.5279365
0.60943735 0.6453209
0.8241001 0.63070065
0.5799127 0.7803173
0.693965 0.6583022
0.21071927 0.6929646
0.6891373 0.64935863
0.58919704 0.44279426
0.15901652 0.8040233
0.2680623 0.42488965
0.49591145 0.8206466
0.24550407 0.568044
0.90502673 0.80418533
0.62289226 0.7171175
0.8241582 0.37119594
0.7723864 0.5996251
0.27295986 0.442796
0.1427013 0.87511873
0.54302096 0.84349513
0.36062053 0.43830675
0.81154776 0.4517497
0.80204654 0.5323507
0.27175245 0.59498644
0.30731177 0.21434027
0.82872313 0.4427962
0.20637947 0.6572235
0.19112763 0.77311516
0.26432976 0.40698743
0.4549103 0.5642922
0.5819777 0.780299
0.28017828 0.5233984
0.63045406 0.6496959
0.52344406 0.44730368
0.275871 0.5905291
0.5323954 0.9017165
0.79124725 0.45623425
0.3066948 0.21881971
0.6639126 0.6405242
0.48223096 0.5058512
0.56220835 0.74903136
0.29116425 0.79186076
0.61733514 0.60930693
0.38477784 0.3350091
0.49585792 0.86547375
0.2860355 0.3756148
0.35606566 0.35753068
0.2562162 0.6977451
0.55596894 0.87475055
0.24910323 0.7557609
0.6001581 0.44729853
0.36561555 0.2767442
0.255037 0.7156091
0.7723864 0.5996251
0.85297275 0.50092435
0.2553085 0.791534
0.5840179 0.19515137
0.6395253 0.65413576
0.35746366 0.43381906
0.3066948 0.21881971
0.3576485 0.26781324
0.79242855 0.55924326
0.5040737 0.7713621
0.2792847 0.5323507
0.85221833 0.44726798
0.37659663 0.38441935
0.35354564 0.28576875
0.27662653 0.34429485
0.17769842 0.830937
0.39126205 0.39787096
0.54302096 0.84349513
0.5641664 0.74901533
0.2549609 0.7959951
0.30638546 0.5951353
0.63006395 0.64520466
0.48893374 0.9146624
0.20443003 0.65274763
0.30360606 0.52793264
0.3812067 0.3305307
0.65193367 0.64059025
0.60970366 0.41127437
0.33461764 0.31723025
0.81944674 0.42936867
0.7256366 0.60880053
0.58437514 0.75783134
0.27662653 0.34429485
0.550399 0.56906235
0.19249468 0.7642086
0.3290242 0.23211668
0.31260028 0.37108165
0.4820181 0.9056313
0.3853307 0.4113532
0.51378185 0.5104156
0.6932669 0.65382075
0.3290242 0.23211668
0.5020414 0.7713445
0.7723864 0.5996251
0.35597005 0.26782152
0.37724862 0.29015064
0.38317096 0.33501408
0.20693961 0.6036412
0.84610665 0.64845914
0.7260513 0.57292026
0.59639484 0.712822
0.5763652 0.31661937
0.84942704 0.54117185
0.551968 0.82545865
0.1462427 0.75490505
0.25332686 0.7245311
0.36982653 0.42034662
0.81989133 0.38461295
0.27340153 0.59499353
0.35915238 0.24538802
0.30373496 0.16515024
0.627613 0.6362301
0.54372287 0.9331316
0.6040103 0.9011021
0.34069058 0.83702415
0.5655587 0.20852076
0.50757736 0.49688303
0.90718806 0.8041651
0.2547679 0.52334
0.56435883 0.25802147
0.22151595 0.68857354
0.85735077 0.49644646
0.78828955 0.4651949
0.5799586 0.6814728
0.60974824 0.6228357
0.30373496 0.16515024
0.8304612 0.17894979
0.5772824 0.22658919
0.5044261 0.49687815
0.84610665 0.64845914
0.8830352 0.72857374
0.5467797 0.933096
0.3287023 0.40692055
0.79124725 0.45623425
0.1462427 0.75490505
0.4935833 0.84304154
0.36160684 0.24985789
0.784361 0.55926996
0.6128486 0.6183229
0.2267983 0.8135811
0.29447186 0.5234313
0.3810472 0.29462206
0.22427085 0.7867898
0.8565081 0.50538915
0.5861867 0.6634445
0.2608362 0.6843691
0.63045406 0.6496959
0.03542362 0.62509346
0.56220835 0.74903136
0.714818 0.69403344
0.79597104 0.8320046
0.63499403 0.57325655
0.17302172 0.78187144
0.6634041 0.63603693
0.30835995 0.80989325
0.608654 0.8697081
0.2851384 0.50101876
0.5781551 0.7848216
0.5817443 0.6814611
0.280588 0.51892185
0.30638546 0.5951353
0.5596079 0.94190055
0.872609 0.70634085
0.8580871 0.5053863
0.24535075 0.61722744
0.040689882 0.62067443
0.28449658 0.5099742
0.576208 0.16812515
0.38243842 0.3080814
0.35915238 0.24538802
0.14069477 0.8483819
0.6622014 0.6405336
0.49585792 0.86547375
0.62071335 0.7620135
0.2158552 0.8536106
0.9290613 0.17074475
0.3563448 0.3081813
0.78997815 0.4696734
0.35796437 0.3620132
0.72003305 0.57742864
0.24306777 0.612746
0.20755534 0.7866392
0.8334182 0.49200943
0.50791407 0.8700825
0.16423486 0.7416836
0.37081662 0.25429288
0.3243743 0.42037633
0.6391657 0.66761255
0.78758806 0.55925924
0.79342824 0.47862887
0.57885003 0.2310974
0.8241001 0.63070065
0.5323954 0.9017165
0.3693914 0.30813134
0.56252366 0.75801444
0.706198 0.599918
0.598992 0.744241
0.7723864 0.5996251
0.17526606 0.7105604
0.61871326 0.7620304
0.7207709 0.53255856
0.7875442 0.48759434
0.7246569 0.5415222
0.8101769 0.5591846
0.27287856 0.3398294
0.9161535 0.13944611
0.33750802 0.26791242
0.58674854 0.2941445
0.60489225 0.9055687
0.3290242 0.23211668
0.7194207 0.5864029
0.6287737 0.86949444
0.3853307 0.4113532
0.7083686 0.89993966
0.7323 0.6087694
0.2816706 0.81857187
0.21355897 0.66173154
0.20797993 0.6125785
0.5154554 0.4968952
0.29648995 0.5950927
0.20463847 0.6125626
0.71214974 0.69853294
0.693965 0.6583022
0.6328333 0.7753643
0.49654803 0.49686596
0.21738574 0.80457056
0.7323 0.6087694
0.5004178 0.7937725
0.2267983 0.8135811
0.7875595 0.581649
0.3243743 0.42037633
0.26194826 0.43384448
0.45495045 0.68116844
0.54302096 0.84349513
0.75549304 0.64449906
0.2737724 0.36220843
0.608712 0.7621152
0.33991343 0.27238247
0.27671382 0.48309496
0.70579976 0.70305884
0.5365331 0.7806289
0.14531204 0.75935215
0.8996125 0.7685751
0.78828955 0.4651949
0.8323329 0.4159514
0.5061061 0.7713797
0.28287452 0.7828508
0.5227589 0.8209072
0.19112763 0.77311516
0.38602537 0.3529666
0.5635251 0.9508063
0.59975404 0.708305
0.5517512 0.81648546
0.21191785 0.60366374
0.23497207 0.76010704
0.7232471 0.5908726
0.5781551 0.7848216
0.6366202 0.57325053
0.15860374 0.71043915
0.16458409 0.86644465
0.8257418 0.3711992
0.358472 0.31265894
0.8849336 0.7285592
0.14990935 0.74602455
0.27753145 0.3263865
0.24969064 0.7825547
0.19449052 0.7776036
0.5028601 0.789307
0.85959065 0.7510704
0.6442636 0.6496164
0.84078217 0.4025392
0.8435086 0.6395366
0.26658294 0.42936683
0.4919176 0.4878486
0.33750802 0.26791242
0.14026515 0.84392476
0.6197828 0.7844485
0.2975997 0.36215323
0.31593752 0.5324444
0.5798329 0.4247671
0.3457019 0.19618018
0.73956 0.6759486
0.34301051 0.83704746
0.58891803 0.20417571
0.29112586 0.79632807
0.2061615 0.6527577
0.5921054 0.7308232
0.5517512 0.81648546
0.2969898 0.5458335
0.56252366 0.75801444
0.23797265 0.73780996
0.52881306 0.9240732
0.690863 0.64934874
0.54307264 0.85246646
0.2924673 0.16523503
0.8006681 0.3890585
0.90243375 0.77300864
0.4820181 0.9056313
0.51771307 0.87466866
0.1422894 0.7548722
0.14069477 0.8483819
0.35746366 0.43381906
0.23466435 0.76456803
0.30908704 0.36660773
0.75978106 0.88597053
0.27656233 0.52786696
0.2133368 0.65726495
0.035155676 0.6295374
0.37081662 0.25429288
0.2734266 0.34430388
0.52302635 0.87024313
0.7069282 0.66270846
0.9018789 0.7908435
0.8006357 0.5815976
0.33177048 0.25449908
0.63045406 0.6496959
0.5781551 0.7848216
0.874948 0.7197118
0.28005326 0.47862083
0.14163698 0.83503294
0.5840179 0.19515137
0.55635613 0.41122556
0.14531204 0.75935215
0.34291106 0.2409966
0.4820181 0.9056313
0.26051152 0.6798972
0.1422894 0.7548722
0.24306777 0.612746
0.32114476 0.46969622
0.60489225 0.9055687
0.38208497 0.40686503
0.33991343 0.27238247
0.6887951 0.8420183
0.37760487 0.32605347
0.90718806 0.8041651
0.21776095 0.71533346
0.35589784 0.43381944
0.874948 0.7197118
0.37081662 0.25429288
0.2683065 0.51441914
0.2905895 0.16524915
0.23958436 0.5546086
0.83033866 0.17448139
0.34204844 0.23652077
0.3465322 0.44728217
0.7943795 0.45623302
0.59573805 0.70384073
0.38317096 0.33501408
0.8465596 0.5903578
0.26204643 0.6575548
0.8022438 0.38906097
0.5592594 0.78050053
0.2792847 0.5323507
0.3129579 0.5100288
0.55596894 0.87475055
0.4997032 0.80274004
0.83033866 0.17448139
0.8304926 0.37120897
0.9382003 0.21537541
0.20516188 0.8312091
0.3953493 0.3798953
0.56435883 0.25802147
0.27295986 0.442796
0.19551243 0.88459814
0.89438385 0.746325
0.798767 0.5457912
0.3853307 0.4113532
0.59353244 0.7487753
0.37672246 0.28566578
0.17394488 0.7774226
0.8710237 0.7152784
0.5126146 0.87461406
0.5819882 0.19963369
0.38602537 0.3529666
0.3107033 0.18746758
0.54564697 0.8658939
0.17189069 0.77740455
0.44651008 0.6766222
0.28247184 0.5323589
0.17189069 0.77740455
0.3191248 0.5324525
0.8455547 0.56800944
0.78828955 0.4651949
0.8449483 0.24159582
0.34674597 0.20065221
0.5645104 0.7579978
0.4918212 0.4968587
0.8237612 0.37566984
0.53425306 0.7985729
0.2267983 0.8135811
0.34966335 0.44728255
0.81473917 0.4562253
0.0638713 0.9498776
0.14320007 0.750425
0.2596093 0.6932996
0.24619243 0.7735953
0.14026901 0.80830103
0.35589784 0.43381944
0.7928133 0.45623365
0.5028601 0.789307
0.74178183 0.63561463
0.8205985 0.37566373
0.58674854 0.2941445
0.9136767 0.13051148
0.8253426 0.37567288
0.576073 0.7848403
0.61064047 0.91893023
0.17302172 0.78187144
0.29324058 0.6040326
0.26170462 0.60388947
0.51078767 0.86563116
0.8319095 0.43384778
0.7226998 0.5863896
0.61146414 0.64980507
0.85577524 0.49644887
0.14023843 0.79494065
0.28476304 0.47862566
0.59573805 0.70384073
0.27880037 0.5368265
0.38376167 0.41135466
0.81989133 0.38461295
0.6032987 0.43378687
0.57784766 0.78033555
0.6085032 0.3842571
0.78758806 0.55925924
0.78439933 0.48759836
0.70607567 0.7209801
0.3316919 0.23658031
0.58919704 0.44279426
0.48342118 0.86534256
0.28463978 0.09825924
0.2160075 0.7108569
0.5610633 0.41122988
0.51387984 0.49689275
0.35865104 0.26332438
0.7841851 0.50999844
0.523658 0.910578
0.47801247 0.7486953
0.35589784 0.43381944
0.46861848 0.76208127
0.5168759 0.5194372
0.5626878 0.7625053
0.39515805 0.3754033
0.5221276 0.88816065
0.2008979 0.6259401
0.22400281 0.7466259
0.28994724 0.83205014
0.34203723 0.24548243
0.52958024 0.51495564
0.690863 0.64934874
0.50757736 0.49688303
0.9039268 0.7997389
0.6080635 0.62284416
0.21080281 0.6081254
0.27295986 0.442796
0.2837594 0.51892877
0.59573805 0.70384073
0.2905895 0.16524915
0.26672313 0.5144159
0.26378632 0.6575651
0.7854058 0.55478793
0.7723864 0.5996251
0.3324916 0.23209636
0.706198 0.599918
0.20036486 0.8133283
0.33991343 0.27238247
0.652894 0.6495668
0.2061615 0.6527577
0.9039268 0.7997389
0.5255706 0.80298173
0.27624273 0.49204928
0.3848234 0.39338797
0.2471724 0.80931306
0.93017447 0.16184011
0.7366618 0.6625276
0.59573805 0.70384073
0.30077672 0.36214587
0.24898335 0.79147637
0.7366618 0.6625276
0.8003983 0.39353606
0.2542915 0.52781296
0.7057564 0.62235194
0.4918212 0.4968587
0.6001658 0.4518027
0.16669789 0.8842848
0.52191794 0.7849897
0.5726956 0.7624204
0.84309834 0.5724892
0.28449658 0.5099742
0.49678802 0.8789246
0.2845163 0.5278863
0.19962636 0.6125387
0.56890285 0.16357566
0.5118641 0.54195964
0.7077293 0.5685
0.5783521 0.24459289
0.15860374 0.71043915
0.37766317 0.42034152
0.14320007 0.750425
0.21652475 0.782259
0.47169432 0.8024784
0.56560177 0.7355231
0.4884005 0.88331324
0.21191785 0.60366374
0.20968822 0.59918696
0.5808235 0.6994516
0.18847035 0.7061956
0.3055892 0.5234569
0.21299629 0.59920156
0.49029118 0.8698952
0.6266263 0.645224
0.26292098 0.6665017
0.5107468 0.7983554
0.3783503 0.33502892
0.6215091 0.75303376
0.7723864 0.5996251
0.26361814 0.39356068
0.30201524 0.52792877
0.8257418 0.3711992
0.29314545 0.8052817
0.7920505 0.56819963
0.6328333 0.7753643
0.51550525 0.48787898
0.2158552 0.8536106
0.17362908 0.76850545
0.7305719 0.6670454
0.23606715 0.69313824
0.3580155 0.29471877
0.38511255 0.33949807
0.7791541 0.59063894
0.29314545 0.8052817
0.8224039 0.6307095
0.23797265 0.73780996
0.36436233 0.26778018
0.2566183 0.6754023
0.28287452 0.7828508
0.3679196 0.32608578
0.5157656 0.8656837
0.2905895 0.16524915
0.29112586 0.79632807
0.5091175 0.5013926
0.82304627 0.38461822
0.2969898 0.5458335
0.9998204 0.10453813
0.35394952 0.2767988
0.21453397 0.8402204
0.28781313 0.14738803
0.6067613 0.9010715
0.50757736 0.49688303
0.17264435 0.719459
0.15622619 0.884171
0.7650518 0.6489231
0.5184969 0.8163789
0.31171626 0.17851165
0.37775087 0.34849846
0.63336784 0.5732625
0.30308694 0.5951211
0.8619139 0.75551367
0.84610665 0.64845914
0.7270337 0.55048794
0.32594162 0.42037532
0.33299556 0.31723607
0.8154939 0.38012967
0.5840179 0.19515137
0.52475387 0.5284715
0.9136767 0.13051148
0.19183193 0.7686622
0.86318034 0.74657845
0.52948534 0.9061641
0.3378618 0.31721863
0.14163698 0.83503294
0.86427724 0.6617527
0.6112727 0.41127583
0.20887648 0.7777304
0.8123351 0.38012397
0.3232928 0.5548751
0.2797439 0.5278747
0.78231347 0.5995813
0.553968 0.8164641
0.37817413 0.3844167
0.872609 0.70634085
0.57784766 0.78033555
0.30580324 0.23672906
0.6340104 0.68560904
0.47664356 0.78009754
0.84610665 0.64845914
0.4820181 0.9056313
0.70607567 0.7209801
0.20755534 0.7866392
0.5835301 0.6814494
0.6032987 0.43378687
0.14069477 0.8483819
0.20637947 0.6572235
0.55841917 0.7535558
0.6377914 0.65414596
0.5119094 0.88356847
0.14307792 0.84840626
0.20693961 0.6036412
0.2857821 0.5995228
0.26692063 0.7559094
0.38511255 0.33949807
0.5712097 0.1995616
0.37655643 0.25874817
0.21488209 0.737627
0.5029955 0.843137
0.19048724 0.76419157
0.3530832 0.30819377
0.70334923 0.7254811
0.3290242 0.23211668
0.3513316 0.20510153
0.5329183 0.8793143
0.21488209 0.737627
0.4820181 0.9056313
0.85567284 0.5277435
0.2791454 0.32638115
0.5216227 0.8478106
0.17189069 0.77740455
0.63989776 0.88280356
0.85645145 0.64839995
0.8003983 0.39353606
0.3123154 0.30834976
0.8318444 0.49201167
0.32114476 0.46969622
0.7194207 0.5864029
0.81989133 0.38461295
0.9039268 0.7997389
0.27042845 0.78273964
0.35746366 0.43381906
0.7347581 0.5908245
0.17397909 0.83535594
0.6210242 0.71713144
0.5989681 0.7217873
0.30577305 0.13830195
0.9039268 0.7997389
0.5119094 0.88356847
0.5481963 0.16341902
0.7870156 0.5547828
0.8304612 0.17894979
0.8773878 0.34003234
0.24243948 0.6082726
0.65899456 0.60911196
0.9378823 0.22428752
0.1423261 0.7637815
0.6052758 0.7486793
0.35851195 0.28574672
0.84156305 0.7422892
0.8773398 0.72861767
0.57659906 0.19959766
0.5157656 0.8656837
0.31068477 0.308356
0.70334923 0.7254811
0.5840179 0.19515137
0.5426679 0.7626751
0.14109787 0.8528387
0.34967518 0.24992232
0.5323954 0.9017165
0.18503147 0.8844842
0.34308356 0.4158779
0.14426602 0.75488865
0.14307792 0.84840626
0.23565915 0.5590672
0.5764299 0.757898
0.31260028 0.37108165
0.85612714 0.5009191
0.48893374 0.9146624
0.8565081 0.50538915
0.901073 0.7373531
0.26378632 0.6575651
0.92572254 0.15289292
0.264854 0.7335551
0.86809355 0.7331516
0.5028601 0.789307
0.39411557 0.38888222
0.14320007 0.750425
0.21252963 0.6929771
0.4997032 0.80274004
0.14158885 0.8172201
0.21403413 0.7153059
0.35766634 0.38445124
0.2915423 0.5950715
0.29116425 0.79186076
0.1745184 0.719473
0.1422894 0.7548722
0.2840654 0.532363
0.17264435 0.719459
0.50435704 0.76687455
0.91097754 0.13494645
0.4997032 0.80274004
0.5151638 0.87464136
0.5474621 0.2534295
0.8326763 0.47858876
0.34797075 0.24993153
0.4820181 0.9056313
0.5487768 0.56906813
0.15141577 0.73712504
0.5040737 0.7713621
0.46806782 0.76656336
0.23803173 0.7735241
0.82872313 0.4427962
0.19048724 0.76419157
0.5138497 0.5014005
0.77404094 0.5996178
0.29648995 0.5950927
0.74432355 0.64008147
0.21067518 0.6840365
0.3465322 0.44728217
0.7846279 0.4920781
0.5596079 0.94190055
0.2840654 0.532363
0.040689882 0.62067443
0.8162128 0.43831983
0.2968434 0.25020736
0.53228 0.90619546
0.60164076 0.7711506
0.22899126 0.7600566
0.30938345 0.18300253
0.1992357 0.65271735
0.15523203 0.72378546
0.29106438 0.80079496
0.14069477 0.8483819
0.6215091 0.75303376
0.19243568 0.7775855
0.31171626 0.17851165
0.77944154 0.51000756
0.3021771 0.59063894
0.50933266 0.7489513
0.7486224 0.6445377
0.35663688 0.27230215
0.19628498 0.6125227
0.9156556 0.13052793
0.7084426 0.4697359
0.1882275 0.7106547
0.17860726 0.6749028
0.4919176 0.4878486
0.23412198 0.6886585
0.3071097 0.59065956
0.5646895 0.7624883
0.32540676 0.15603767
0.20126712 0.63040686
0.31227416 0.3486753
0.24243948 0.6082726
0.19768322 0.65717185
0.28619537 0.33083504
0.36982653 0.42034662
0.9188368 0.13501109
0.23864308 0.6171946
0.76950973 0.9929889
0.5673366 0.20853224
0.3890314 0.37990674
0.5558981 0.80746925
0.56220835 0.74903136
0.25635603 0.5233436
0.4820181 0.9056313
0.60826814 0.77557963
0.3835091 0.33950284
0.8440586 0.55907255
0.23297842 0.7600903
0.28476304 0.47862566
0.6080635 0.62284416
0.5028601 0.789307
0.20343074 0.6170224
0.7377506 0.6221911
0.21977146 0.6930266
0.057674613 0.9409088
0.31670663 0.5234825
0.72818434 0.5773975
0.17189069 0.77740455
0.8386053 0.4159563
0.8488987 0.5590566
0.8667486 0.74208707
0.5467797 0.933096
0.5781551 0.7848216
0.4833012 0.7756694
0.17205046 0.7863196
0.88057196 0.71966964
0.7194207 0.5864029
0.56083935 0.76701295
0.7854058 0.55478793
0.17302172 0.78187144
0.23035157 0.83145887
0.5241807 0.84335184
0.8565081 0.50538915
0.2924673 0.16523503
0.17189069 0.77740455
0.5719085 0.7848776
0.5635251 0.9508063
0.56220835 0.74903136
0.82872313 0.4427962
0.14032012 0.76376444
0.5859995 0.22664154
0.57283586 0.20406997
0.36302963 0.34405074
0.35161972 0.27232623
0.6502223 0.6405997
0.8711986 0.7197399
0.8304612 0.17894979
0.14158885 0.8172201
0.8162128 0.43831983
0.6017329 0.43378648
0.7904292 0.5682054
0.38797167 0.39338347
0.2061615 0.6527577
0.17205046 0.7863196
0.59548986 0.74875927
0.8162128 0.43831983
0.9136767 0.13051148
0.5851028 0.29413757
0.52024025 0.4833762
0.5974471 0.7487433
0.5645104 0.7579978
0.38156408 0.33501902
0.8522652 0.4338532
0.90934926 0.8041448
0.59702694 0.4472989
0.19360152 0.8622945
0.513817 0.50590813
0.55013937 0.15893707
0.27139434 0.44279602
0.5105321 0.51942337
0.35329747 0.23197432
0.5123336 0.49238268
0.5100657 0.8745868
0.14426602 0.75488865
0.90083444 0.75073135
0.37950027 0.2811662
0.29484072 0.5950857
0.58674854 0.2941445
0.2267983 0.8135811
0.6001671 0.43378606
0.499012 0.78478426
0.14069477 0.8483819
0.35746366 0.43381906
0.2648838 0.76035917
0.35746366 0.43381906
0.2369662 0.6171864
0.33623973 0.31722444
0.4518379 0.67665654
0.61294377 0.7800244
0.3086617 0.71153253
0.26294175 0.7335401
0.2924673 0.16523503
0.35349622 0.36651033
0.37724897 0.40237957
0.74518704 0.644557
0.27031538 0.7246604
0.38208497 0.40686503
0.14109787 0.8528387
0.52810574 0.47887534
0.6317827 0.64519495
0.5684478 0.7983751
0.51991004 0.8343381
0.5673366 0.20853224
0.5799586 0.6814728
0.6052747 0.38875455
0.8449157 0.5903646
0.23453166 0.71099186
0.9060689 0.799719
0.22579703 0.79126525
0.7886254 0.5547776
0.37410635 0.40238324
0.14214253 0.83949095
0.6080635 0.62284416
0.8773398 0.72861767
0.31956008 0.55934477
0.5471943 0.80755144
0.6366202 0.57325053
0.5441513 0.65919876
0.34301051 0.83704746
0.2819934 0.536835
0.3299659 0.23659022
0.30318856 0.5324118
0.5927281 0.7846909
0.57069415 0.76243734
0.25839177 0.67541367
0.31764483 0.58622324
0.46806782 0.76656336
0.27182662 0.34430838
0.3853307 0.4113532
0.27295986 0.442796
0.32594162 0.42037532
0.14332089 0.75933546
0.5799127 0.7803173
0.19316624 0.77313286
0.5605869 0.86573625
0.29648995 0.5950927
0.5265758 0.44279402
0.93017447 0.16184011
0.784361 0.55926996
0.717782 0.5998667
0.26424202 0.6620389
0.6227727 0.90984285
0.2734266 0.34430388
0.28233752 0.08934617
0.34030244 0.28582758
0.2430814 0.7869593
0.32540676 0.15603767
0.84717596 0.56800365
0.16571209 0.79517454
0.3835091 0.33950284
0.6328333 0.7753643
0.5029955 0.843137
0.6852776 0.6807827
0.23606715 0.69313824
0.8789511 0.72414356
0.8872029 0.7330023
0.29324058 0.6040326
0.9308139 0.24207757
0.15549494 0.8351713
0.77569544 0.59961057
0.27815312 0.52787083
0.2905895 0.16524915
0.20755534 0.7866392
0.54066557 0.41121116
0.7723864 0.5996251
0.78758806 0.55925924
0.521103 0.90607
0.317283 0.57726085
0.2975997 0.36215323
0.15901652 0.8040233
0.38477784 0.3350091
0.71475565 0.6671434
0.15726024 0.75945264
0.59076256 0.4427943
0.90216076 0.75963706
0.3541457 0.29025048
0.84610665 0.64845914
0.50757736 0.49688303
0.7854058 0.55478793
0.572457 0.7579312
0.5641664 0.74901533
0.5771146 0.23108718
0.9039268 0.7997389
0.3092944 0.49209583
0.14332089 0.75933546
0.81358147 0.38460234
0.1719819 0.8041448
0.78758806 0.55925924
0.27662653 0.34429485
0.26294175 0.7335401
0.7870156 0.5547828
0.3290242 0.23211668
0.28319308 0.47862405
0.5525684 0.84788364
0.58674854 0.2941445
0.86252993 0.6617633
0.72767717 0.57291424
0.4820181 0.9056313
0.21800198 0.7867333
0.30201524 0.52792877
0.8578199 0.5322084
0.32123968 0.4203784
0.7924631 0.58162975
0.24099104 0.78694046
0.5772824 0.22658919
0.7593954 0.66238934
0.52175975 0.7894783
0.35589784 0.43381944
0.14109787 0.8528387
0.5218544 0.72208536
0.8214688 0.3846156
0.52963924 0.90168566
0.8619139 0.75551367
0.6165773 0.59581745
0.28299823 0.4831022
0.7854058 0.55478793
0.20755534 0.7866392
0.6932669 0.65382075
0.79597104 0.8320046
0.49162978 0.878869
0.29773855 0.16966745
0.32880548 0.2007717
0.7885734 0.65326315
0.7219227 0.6177866
0.48893374 0.9146624
0.56751966 0.735508
0.3693914 0.30813134
0.8353661 0.9119072
0.17306721 0.68378747
0.78597176 0.48759633
0.8612453 0.50538063
0.20637947 0.6572235
0.21191785 0.60366374
0.6048794 0.4292838
0.5572035 0.9016241
0.8619139 0.75551367
0.1584782 0.83965546
0.33064356 0.42037222
0.27662653 0.34429485
0.3541893 0.30370447
0.72037476 0.64021325
0.2158552 0.8536106
0.8482257 0.7824068
0.3090782 0.21432912
0.27463984 0.51443213
0.71772134 0.72985005
0.55693114 0.77153844
0.79155463 0.5861103
0.53441566 0.7851018
0.6210242 0.71713144
0.44781002 0.6811216
0.3165541 0.1247975
0.3125586 0.124831274
0.70508516 0.6044099
0.39552703 0.38438746
0.19628498 0.6125227
0.5840179 0.19515137
0.4567356 0.68118006
0.17302172 0.78187144
0.2369662 0.6171864
0.84825903 0.5322328
0.48621 0.7667189
0.7347581 0.5908245
0.22151595 0.68857354
0.25159165 0.52333266
0.4820181 0.9056313
0.61647123 0.6902183
0.5028601 0.789307
0.14163698 0.83503294
0.70508516 0.6044099
0.57283586 0.20406997
0.7911808 0.496548
0.27481854 0.76937795
0.7062248 0.6133776
0.63045406 0.6496959
0.14158885 0.8172201
0.5471943 0.80755144
0.7511556 0.6310842
0.30580324 0.23672906
0.19840083 0.6169978
0.5086721 0.86112684
0.19048724 0.76419157
0.38921356 0.35295838
0.82023185 0.38013822
0.7439604 0.608715
0.5840563 0.23112805
0.29112586 0.79632807
0.20296776 0.61255455
0.27806273 0.48757422
0.886832 0.72854453
0.5673366 0.20853224
0.5312385 0.48338893
0.8066945 0.39354503
0.27422693 0.5905222
0.73269916 0.62221646
0.17136419 0.82196295
0.71382564 0.6312808
0.27662653 0.34429485
0.5753791 0.23107696
0.3330176 0.15597877
0.29708275 0.25915828
0.2678221 0.62181056
0.21191785 0.60366374
0.6093561 0.8159315
0.5538434 0.8119772
0.2017715 0.733062
0.7150209 0.64921004
0.5208244 0.910546
0.31963632 0.82340777
0.6366202 0.57325053
0.54788643 0.8524168
0.14158885 0.8172201
0.8660248 0.66174215
0.23335645 0.57247126
0.86451554 0.65728563
0.22151595 0.68857354
0.7439604 0.608715
0.53319377 0.8658676
0.5029955 0.843137
0.19316624 0.77313286
0.25639474 0.7736843
0.20693961 0.6036412
0.17264435 0.719459
0.7870156 0.5547828
0.2107118 0.6885007
0.5974471 0.7487433
0.5698261 0.78489625
0.27815312 0.52787083
0.28889006 0.5144613
0.9003956 0.77302635
0.14406285 0.7459771
0.7164888 0.67609686
0.440297 0.98117644
0.32603186 0.21869971
0.77569544 0.59961057
0.2160075 0.7108569
0.255037 0.7156091
0.60443777 0.35273212
0.5633906 0.7804639
0.5214645 0.54198676
0.9092489 0.7952331
0.15814833 0.7148931
0.5289902 0.9195966
0.2158552 0.8536106
0.2683065 0.51441914
0.7886254 0.5547776
0.31672654 0.1471583
0.28261435 0.79624975
0.28884616 0.53237516
0.72379625 0.6401944
0.14320007 0.750425
0.5712097 0.1995616
0.7831919 0.59509987
0.8751782 0.7241723
0.4753473 0.8831715
0.36894882 0.27672854
0.29027343 0.16972284
0.29828745 0.8499974
0.38317096 0.33501408
0.5320367 0.91515225
0.32013738 0.16950127
0.7511556 0.6310842
0.7025967 0.63582563
0.24149954 0.69317544
0.8754413 0.7286323
0.5558981 0.80746925
0.17455386 0.8843702
0.5605869 0.86573625
0.7174724 0.6895344
0.15711747 0.7237997
0.27287856 0.3398294
0.83033866 0.17448139
0.5645104 0.7579978
0.5151638 0.87464136
0.77913994 0.4741626
0.19183193 0.7686622
0.17769842 0.830937
0.63407886 0.90971535
0.52466464 0.54199576
0.6502223 0.6405997
0.2608362 0.6843691
0.78758806 0.55925924
0.53233254 0.7850831
0.22261325 0.7644653
0.5040737 0.7713621
0.4820181 0.9056313
0.90327764 0.77745885
0.3853307 0.4113532
0.1422894 0.7548722
0.6150076 0.7800061
0.34104344 0.25893155
0.2762232 0.51443535
0.81777835 0.43832007
0.81651473 0.4204152
0.46861848 0.76208127
0.89866656 0.73291284
0.38477784 0.3350091
0.93334717 0.16632028
0.56435883 0.25802147
0.35428917 0.42933217
0.7886254 0.5547776
0.23781633 0.81368643
0.84313065 0.58143085
0.72208554 0.64020383
0.73198867 0.6177371
0.5126146 0.87461406
0.72711325 0.595341
0.27750146 0.81406623
0.21800198 0.7867333
0.52653533 0.8433757
0.22603434 0.8180346
0.62289226 0.7171175
0.14069477 0.8483819
0.2772174 0.8185288
0.5366909 0.75816435
0.21652475 0.782259
0.85959065 0.7510704
0.28162318 0.47862244
0.35746366 0.43381906
0.57902586 0.22659966
0.9018789 0.7908435
0.26826328 0.44279605
0.77404094 0.5996178
0.17394488 0.7774226
0.84573185 0.65292937
0.2621325 0.78266567
0.5040737 0.7713621
0.3196224 0.17397976
0.17302172 0.78187144
0.3579075 0.28126472
0.80854654 0.38907075
0.5487161 0.8927569
0.8412062 0.71549886
0.19112763 0.77311516
0.2598069 0.78711003
0.20859902 0.6036487
0.19795567 0.6125307
0.6111701 0.6183312
0.14433216 0.76379853
0.2113265 0.7331366
0.50757736 0.49688303
0.8619139 0.75551367
0.7179309 0.635743
0.27182662 0.34430838
0.14332089 0.75933546
0.29405427 0.5995593
0.5029955 0.843137
0.56220835 0.74903136
0.8988731 0.76412314
0.36982653 0.42034662
0.29112586 0.79632807
0.36982653 0.42034662
0.57902586 0.22659966
0.63989776 0.88280356
0.5673366 0.20853224
0.619165 0.58231217
0.5126146 0.87461406
0.14320007 0.750425
0.693965 0.6583022
0.33221087 0.42037123
0.8574136 0.37126446
0.1891762 0.72404325
0.5007605 0.789288
0.5610633 0.41122988
0.28476304 0.47862566
0.32426643 0.41589263
0.19750427 0.6527072
0.27656233 0.52786696
0.48893374 0.9146624
0.57784766 0.78033555
0.5471943 0.80755144
0.71721596 0.5953836
0.2915423 0.5950715
0.7270337 0.55048794
0.38190567 0.33950758
0.83133394 0.77809304
0.26378632 0.6575651
0.7856224 0.59956664
0.38079783 0.42033947
0.8132736 0.38907805
0.7400783 0.63562375
0.5834322 0.9326697
0.27939048 0.49205372
0.56276345 0.9418635
0.473582 0.8786745
0.9136767 0.13051148
0.1891762 0.72404325
0.6984339 0.6179019
0.8747503 0.71525085
0.6010539 0.7846163
0.35589784 0.43381944
0.9028779 0.7952916
0.37296122 0.42034456
0.49732375 0.8744503
0.6010539 0.7846163
0.3475057 0.19616795
0.58539504 0.84306544
0.5837845 0.1996457
0.63006395 0.64520466
0.14320007 0.750425
0.61294377 0.7800244
0.55154634 0.8075104
0.5626878 0.7625053
0.14069477 0.8483819
0.7886254 0.5547776
0.48893374 0.9146624
0.20637947 0.6572235
0.21977022 0.7064201
0.4918212 0.4968587
0.58539504 0.84306544
0.16229905 0.74166805
0.53233254 0.7850831
0.28162318 0.47862244
0.23466435 0.76456803
0.7417932 0.6535367
0.14069477 0.8483819
0.28811914 0.5234167
0.5173299 0.7445234
0.32490766 0.16051608
0.70485777 0.69858384
0.19316624 0.77313286
0.5186295 0.4923916
0.39199495 0.37540942
0.7226998 0.5863896
0.5538434 0.8119772
0.5759906 0.17261818
0.73198867 0.6177371
0.38981926 0.40236488
0.2680623 0.42488965
0.6052163 0.78457904
0.712939 0.6761197
0.8754413 0.7286323
0.22261325 0.7644653
0.28468993 0.10272626
0.23660731 0.57248324
0.6168214 0.60031426
0.72379625 0.6401944
0.2648013 0.7648251
0.2993755 0.080252886
0.14320007 0.750425
0.8022438 0.38906097
0.14069477 0.8483819
0.84479123 0.5635412
0.2924673 0.16523503
0.5025888 0.847616
0.6227727 0.90984285
0.17975463 0.697213
0.32594162 0.42037532
0.2924673 0.16523503
0.255037 0.7156091
0.47795752 0.8831999
0.7305265 0.6580838
0.6112727 0.41127583
0.8403492 0.41148466
0.52781093 0.5510209
0.36982653 0.42034662
0.38243842 0.3080814
0.7650518 0.6489231
0.7094666 0.7030328
0.5602501 0.74904734
0.5010616 0.83863395
0.8304612 0.17894979
0.62626207 0.6407319
0.7511556 0.6310842
0.18258066 0.8220721
0.16454132 0.70602405
0.20638022 0.5991724
0.76421386 0.53692925
0.21800198 0.7867333
0.569553 0.9462593
0.8154939 0.38012967
0.78439933 0.48759836
0.89438385 0.746325
0.5228123 0.8747233
0.92572254 0.15289292
0.82872313 0.4427962
0.7219072 0.68502384
0.7164888 0.67609686
0.71739215 0.68057257
0.780659 0.5995886
0.85303944 0.53222054
0.4820181 0.9056313
0.73486173 0.6535772
0.627613 0.6362301
0.23864308 0.6171946
0.17302172 0.78187144
0.743864 0.67144215
0.7928133 0.45623365
0.5049598 0.7893261
0.36216113 0.4338178
0.15577938 0.71933275
0.2649724 0.7514261
0.7219227 0.6177866
0.1422894 0.7548722
0.23958436 0.5546086
0.7261682 0.66259146
0.21791446 0.6885493
0.717782 0.5998667
0.8422661 0.63507444
0.72379625 0.6401944
0.56220835 0.74903136
0.87329173 0.7241866
0.35156354 0.2319845
0.2905895 0.16524915
0.5974471 0.7487433
0.9382003 0.21537541
0.3495453 0.37997827
0.5157656 0.8656837
0.5984486 0.28969347
0.38477784 0.3350091
0.73584366 0.66701275
0.17189069 0.77740455
0.6901184 0.72558206
0.4549103 0.5642922
0.39515805 0.3754033
0.5967367 0.717312
0.5089461 0.51941985
0.6067613 0.9010715
0.51393276 0.48787695
0.93841493 0.21091993
0.9346519 0.1707861
0.24874663 0.5680555
0.86351955 0.7510381
0.7270337 0.55048794
0.2266442 0.8269617
0.25526616 0.7290131
0.23864308 0.6171946
0.3330176 0.15597877
0.31764483 0.58622324
0.49337026 0.86544746
0.5286316 0.85236716
0.19048724 0.76419157
0.2920568 0.5144678
0.5594942 0.41122842
0.6975839 0.7165627
0.5046531 0.7938113
0.5467797 0.933096
0.5221276 0.88816065
0.72037476 0.64021325
0.76160187 0.6489428
0.3853307 0.4113532
0.5994635 0.7891168
0.48887795 0.84299386
0.7562969 0.6400156
0.21706 0.7331814
0.29112586 0.79632807
0.2523136 0.77364874
0.32594162 0.42037532
0.2283947 0.58139235
0.74606544 0.63111097
0.21488209 0.737627
0.5020414 0.7713445
0.21800198 0.7867333
0.79597104 0.8320046
0.5028601 0.789307
0.7078529 0.5999107
0.57659906 0.19959766
0.0638713 0.9498776
0.5255457 0.87026995
0.3508123 0.41138467
0.32108885 0.22768539
0.54066557 0.9421233
0.5573305 0.7850084
0.58919895 0.44729984
0.28875637 0.11609477
0.48408034 0.86086935
0.22381021 0.8180131
0.79156274 0.4159196
0.6979349 0.626878
0.23636502 0.5545984
0.33991343 0.27238247
0.6651083 0.6360278
0.4820181 0.9056313
0.32108885 0.22768539
0.9341234 0.17523839
0.17264435 0.719459
0.54066557 0.968983
0.3835091 0.33950284
0.3462663 0.24994071
0.62289226 0.7171175
0.7194207 0.5864029
0.35354564 0.28576875
0.23660731 0.57248324
0.4950196 0.49235815
0.28800893 0.14291647
0.5100657 0.8745868
0.70508516 0.6044099
0.54372287 0.9331316
0.5429963 0.83900887
0.74967444 0.6579696
0.20693961 0.6036412
0.63499403 0.57325655
0.61000204 0.38876194
0.60417306 0.7756156
0.21134226 0.5991943
0.34301051 0.83704746
0.5385822 0.7851392
0.4820181 0.9056313
0.58919895 0.44729984
0.5833541 0.77130914
0.35851195 0.28574672
0.7068746 0.46973708
0.78357476 0.50103974
0.5594942 0.41122842
0.6399783 0.6586248
0.358472 0.31265894
0.72168815 0.6043343
0.21025842 0.60365623
0.690863 0.64934874
0.8186526 0.3801354
0.63989776 0.88280356
0.21431307 0.688525
0.4567356 0.68118006
0.24535075 0.61722744
0.4820181 0.9056313
0.26355645 0.5144094
0.26814914 0.42936617
0.25708762 0.7960147
0.22161168 0.70643336
0.29112586 0.79632807
0.86351955 0.7510381
0.14406285 0.7459771
0.85645145 0.64839995
0.36669192 0.42034867
0.22783232 0.7734351
0.14601164 0.7459929
0.7723864 0.5996251
0.6017316 0.45180228
0.21315385 0.79115015
0.21348144 0.75546426
0.5517512 0.81648546
0.8082686 0.39354727
0.5645104 0.7579978
0.27784806 0.3174332
0.34612024 0.47420192
0.28069744 0.49653348
0.56435883 0.25802147
0.6017329 0.43378648
0.54983616 0.93306047
0.71254736 0.6447404
0.7196346 0.6357339
0.2648013 0.7648251
0.5819777 0.780299
0.7356315 0.60875386
0.47815663 0.80253875
0.50345916 0.74890333
0.8619139 0.75551367
0.8830352 0.72857374
0.576208 0.16812515
0.6317827 0.64519495
0.46861848 0.76208127
0.30077672 0.36214587
0.3394266 0.2320557
0.23660731 0.57248324
0.6033187 0.7486953
0.3564932 0.2498855
0.5179882 0.8701896
0.24099104 0.78694046
0.2266442 0.8269617
0.27042845 0.78273964
0.47450832 0.88764
0.8711986 0.7197399
0.19112763 0.77311516
0.440297 0.98117644
0.14320007 0.750425
0.8019724 0.3935383
0.63336784 0.5732625
0.6502223 0.6405997
0.7226998 0.5863896
0.28482932 0.50549656
0.2905895 0.16524915
1.0 0.14012672
0.58539504 0.84306544
0.73198867 0.6177371
0.706198 0.599918
0.047680497 0.60736847
0.63499403 0.57325655
0.17220257 0.72391427
0.46861848 0.76208127
0.30938345 0.18300253
0.63006395 0.64520466
0.735885 0.6311646
0.28005326 0.47862083
0.5711602 0.771415
0.6083556 0.393262
0.040689882 0.62067443
0.5500789 0.16343325
0.92639065 0.14844173
0.38671604 0.33949333
0.29112586 0.79632807
0.77569544 0.59961057
0.74467325 0.6131934
0.7306869 0.67600566
0.25254378 0.7691857
0.60489225 0.9055687
0.53823143 0.8569515
0.4997032 0.80274004
0.5881234 0.6994005
0.7287112 0.5818804
0.32594162 0.42037532
0.35746366 0.43381906
0.53301305 0.8748325
0.7409487 0.59976417
0.4753473 0.8831715
0.32862204 0.30828738
0.5610633 0.41122988
0.63989776 0.88280356
0.6112727 0.41127583
0.9051847 0.8130969
0.24558131 0.74233586
0.55596894 0.87475055
0.34861875 0.39343962
0.28456932 0.48310402
0.89850706 0.1571396
0.70607567 0.7209801
0.3509348 0.26784632
0.7226998 0.5863896
0.14214253 0.83949095
0.53228 0.90619546
0.62289226 0.7171175
0.5921054 0.7308232
0.6580721 0.6495371
0.5458941 0.65918833
0.17302172 0.78187144
0.5974471 0.7487433
0.27295986 0.442796
0.70334923 0.7254811
0.78828955 0.4651949
0.3132397 0.20982678
0.5234106 0.9150542
0.19696565 0.8088375
0.14320007 0.750425
0.78828955 0.4651949
0.13714841 0.81717736
0.7156082 0.68058425
0.77569544 0.59961057
0.19360152 0.8622945
0.22899126 0.7600566
0.14214253 0.83949095
0.19962636 0.6125387
0.498661 0.789269
0.84055215 0.40701187
0.49174768 0.89678514
0.8082686 0.39354727
0.1412376 0.7504089
0.5135444 0.82530373
0.7232907 0.6267474
0.3493095 0.19615573
0.9136767 0.13051148
0.2430814 0.7869593
0.16601858 0.8174556
0.46987158 0.784523
0.5467797 0.933096
0.86427724 0.6617527
0.31289834 0.82781017
0.79432416 0.451754
0.34301051 0.83704746
0.89704645 0.15266874
0.7013158 0.6268606
0.70334923 0.7254811
0.60210276 0.90559995
0.17559558 0.8576502
0.20516188 0.8312091
0.29112586 0.79632807
0.73174196 0.6267039
0.6891373 0.64935863
0.5183082 0.53747064
0.8088491 0.38459444
0.5967086 0.76221687
0.35876456 0.41586563
0.80854654 0.38907075
0.5806868 0.27611047
0.36160684 0.24985789
0.49625853 0.51939213
0.6358048 0.6855971
0.30938345 0.18300253
0.2266442 0.8269617
0.35851195 0.28574672
0.27583095 0.51891154
0.5029955 0.843137
0.59573805 0.70384073
0.27422693 0.5905222
0.2932112 0.8008149
0.7226998 0.5863896
0.6391657 0.66761255
0.6080635 0.62284416
0.7069282 0.66270846
0.72379625 0.6401944
0.80076224 0.61739993
0.91249526 0.7996594
0.2905895 0.16524915
0.25639474 0.7736843
0.72379625 0.6401944
0.26314557 0.51888394
0.5323954 0.9017165
0.690863 0.64934874
0.17526606 0.7105604
0.38671604 0.33949333
0.9156556 0.13052793
0.30938345 0.18300253
0.4932139 0.8251046
0.38317096 0.33501408
0.19840083 0.6169978
0.32108885 0.22768539
0.6234798 0.7530175
0.9382003 0.21537541
0.6874116 0.6493685
0.2267983 0.8135811
0.32521766 0.20079559
0.14332089 0.75933546
0.8218326 0.63518417
0.2267983 0.8135811
0.33824113 0.27239046
0.30201524 0.52792877
0.28476304 0.47862566
0.5840179 0.19515137
0.2035109 0.68398905
0.7236479 0.6491605
0.52881306 0.9240732
0.2713432 0.43384197
0.5481963 0.16341902
0.36727247 0.3036528
0.5673366 0.20853224
0.30201524 0.52792877
0.9156556 0.13052793
0.2905895 0.16524915
0.2651398 0.5144127
0.71739215 0.68057257
0.8464084 0.56353563
0.77944154 0.51000756
0.7904292 0.5682054
0.8628744 0.7421182
0.22151595 0.68857354
0.7165275 0.6850596
0.70303476 0.6985966
0.783968 0.59957397
0.5311497 0.5194685
0.25320005 0.7915148
0.23497207 0.76010704
0.7723864 0.5996251
0.58674854 0.2941445
0.5010616 0.83863395
0.7305719 0.6670454
0.5033374 0.8117471
0.5158039 0.82532585
0.24535075 0.61722744
0.77569544 0.59961057
0.14320007 0.750425
0.29112586 0.79632807
0.60160005 0.7082916
0.5650257 1.0
0.780659 0.5995886
0.61733514 0.60930693
0.7258398 0.5549778
0.35447446 0.35753456
0.7255069 0.640185
0.2857821 0.5995228
0.22716466 0.83588755
0.54066557 0.9466008
0.7307946 0.6311914
0.7886254 0.5547776
0.18045092 0.76410604
0.23958436 0.5546086
0.51528996 0.51943374
0.2598069 0.78711003
0.7112401 0.61335355
0.6040103 0.9011021
0.7060044 0.6358073
0.72037476 0.64021325
0.21453397 0.8402204
0.34301051 0.83704746
0.47795752 0.8831999
0.255037 0.7156091
0.7859745 0.5592646
0.22315435 0.8090855
0.7723864 0.5996251
0.90327764 0.77745885
0.39552703 0.38438746
0.3123154 0.30834976
0.15173313 0.8974818
0.7723864 0.5996251
0.4706188 0.76209813
0.27848336 0.47861922
0.5121047 0.84771323
0.828909 0.37120572
0.6502373 0.7124276
0.22676043 0.5813859
0.6245505 0.6407413
0.58123314 0.31663686
0.70607567 0.7209801
0.19628498 0.6125227
0.17302172 0.78187144
0.65209347 0.71241397
0.690863 0.64934874
0.6386945 0.66312414
0.29116425 0.79186076
0.72107804 0.68951005
0.040689882 0.62067443
0.62771726 0.6766679
0.8237612 0.37566984
0.21252963 0.6929771
0.8195764 0.38908783
0.8451989 0.36676738
0.52466464 0.54199576
0.5049598 0.7893261
0.60981274 0.8338558
0.63336784 0.5732625
0.920109 0.09937252
0.2157571 0.71978205
0.7270337 0.55048794
0.83924955 0.5367281
0.6168214 0.60031426
0.26876998 0.7380539
0.6546201 0.6495569
0.84610665 0.64845914
0.82023185 0.38013822
0.734383 0.622208
0.38376167 0.41135466
0.2932112 0.8008149
0.27340153 0.59499353
0.52810574 0.47887534
0.49337026 0.86544746
0.6001671 0.43378606
0.2845163 0.5278863
0.632216 0.685621
0.63045406 0.6496959
0.81473917 0.4562253
0.70579976 0.70305884
0.23592296 0.68867064
0.3568456 0.31266496
0.6033187 0.7486953
0.6032987 0.43378687
0.74699163 0.6535062
0.23660731 0.57248324
0.7357701 0.8996348
0.544798 0.7806289
0.72818434 0.5773975
0.2905895 0.16524915
0.5160528 0.861204
0.79597104 0.8320046
0.70615304 0.6582294
0.30201524 0.52792877
0.7068746 0.46973708
0.27662653 0.34429485
0.690863 0.64934874
0.8711986 0.7197399
0.690863 0.64934874
0.77569544 0.59961057
0.7179309 0.635743
0.9290613 0.17074475
0.7207709 0.53255856
0.5323954 0.9017165
0.6994505 0.7165489
0.14221376 0.8216794
0.38921356 0.35295838
0.61671317 0.76204735
0.59573805 0.70384073
0.3527662 0.4338203
0.9136767 0.13051148
0.3299659 0.23659022
0.25383765 0.7825917
0.54066557 0.75819767
0.8996125 0.7685751
0.5289902 0.9195966
0.5201823 0.49690253
0.21453397 0.8402204
0.72705734 0.6670672
0.35692507 0.2992084
0.36825925 0.42034766
0.29112586 0.79632807
0.37296122 0.42034456
0.57553893 0.22657871
0.86809355 0.7331516
0.73200524 0.5100987
0.56591856 0.9418263
0.5323954 0.9017165
0.26481637 0.4204152
0.4883954 0.865395
0.3232928 0.5548751
0.49108353 0.8026595
0.60723287 0.7486633
0.49998975 0.82517093
0.6168214 0.60031426
0.7070377 0.63131654
0.21105175 0.75990546
0.49225116 0.8340624
0.2549609 0.7959951
0.7242799 0.6222588
0.25143948 0.7245167
0.72060806 0.5505076
0.84369224 0.40701512
0.16407965 0.88425636
0.38477784 0.3350091
0.5323954 0.9017165
0.690863 0.64934874
0.56560177 0.7355231
0.29828745 0.8499974
0.23636502 0.5545984
0.521413 0.8522928
0.1992357 0.65271735
0.19767523 0.70626163
0.36621222 0.28122684
0.5249969 0.8209289
0.2267983 0.8135811
0.28476304 0.47862566
0.5129508 0.870136
0.86351955 0.7510381
0.8972266 0.7373835
0.29726022 0.81872255
0.5289902 0.9195966
0.7943795 0.45623302
0.7182636 0.6760854
0.6080635 0.62284416
0.39515805 0.3754033
0.60007775 0.7756515
0.71332675 0.71196604
0.28805378 0.066959836
0.2267983 0.8135811
0.73198867 0.6177371
0.27669066 0.74705416
0.29565194 0.52791333
0.29565194 0.52791333
0.70508516 0.6044099
0.71917605 0.68056095
0.1971019 0.75978804
0.55596894 0.87475055
0.5365331 0.7806289
0.5468142 0.7761188
0.61850476 0.7754899
0.56634516 0.9462973
0.23864308 0.6171946
0.2267983 0.8135811
0.7460341 0.64007205
0.5211969 0.85677445
0.30360606 0.52793264
0.58648294 0.78474694
0.5323954 0.9017165
0.901635 0.76855767
0.26355645 0.5144094
0.6623788 0.27649412
0.5049598 0.7893261
0.52466464 0.54199576
0.5798687 0.41575372
0.5323954 0.9017165
0.6010539 0.7846163
0.24550407 0.568044
0.5538434 0.8119772
0.7339657 0.60876167
0.21776095 0.71533346
0.72208554 0.64020383
0.49802393 0.50587964
0.25635603 0.5233436
0.54307264 0.85246646
0.8474636 0.6529193
0.4820181 0.9056313
0.27656233 0.52786696
0.56435883 0.25802147
0.17302172 0.78187144
0.45006195 0.67664504
0.6080635 0.62284416
0.9161535 0.13944611
0.5010616 0.83863395
0.28069744 0.49653348
0.2535343 0.7870535
0.7056751 0.644779
0.35589784 0.43381944
0.14320007 0.750425
0.6022684 0.37974334
0.7127987 0.72540903
0.8799156 0.73752046
0.1422894 0.7548722
0.4820181 0.9056313
0.3132397 0.20982678
0.21252963 0.6929771
0.47101554 0.7755617
0.14158885 0.8172201
0.60574156 0.7531642
0.23958436 0.5546086
0.29735586 0.8142563
0.7503401 0.64452803
0.17526606 0.7105604
0.8948455 0.73294264
0.25435415 0.7736665
0.49187163 0.49235368
0.59708965 0.4202717
0.70901906 0.7254378
0.27662653 0.34429485
0.2686396 0.7737912
0.70607567 0.7209801
0.72498095 0.6267387
0.33991343 0.27238247
0.31580746 0.5145164
0.29687193 0.15625852
0.71147174 0.7119796
0.5048589 0.82073337
0.288261 0.60401
0.2017715 0.733062
0.21800198 0.7867333
0.13006885 0.8883383
0.83365977 0.37121555
0.47077978 0.79350126
0.30638546 0.5951353
0.23660731 0.57248324
0.28818476 0.13844529
0.86451554 0.65728563
0.38761947 0.35296252
0.8808375 0.72412926
0.21434008 0.69298947
0.6033187 0.7486953
0.5312448 0.40670937
0.70334923 0.7254811
0.52022284 0.48788503
0.6104474 0.51933664
0.50757736 0.49688303
0.58312196 0.2131313
0.2905895 0.16524915
0.72037476 0.64021325
0.6287737 0.86949444
0.7184028 0.5774348
0.7164888 0.67609686
0.5126146 0.87461406
0.5238969 0.90610135
0.9136767 0.13051148
0.31628543 0.35762802
0.30042443 0.52792495
0.18839625 0.7329576
0.77404094 0.5996178
0.3123154 0.30834976
0.533674 0.8389619
0.9156556 0.13052793
0.7870156 0.5547828
0.61019117 0.75761515
0.2680623 0.42488965
0.16601858 0.8174556
0.2158552 0.8536106
0.25120628 0.7111134
0.6017329 0.43378648
0.78597176 0.48759633
0.6017316 0.45180228
0.70607567 0.7209801
0.735344 0.6177207
0.7886254 0.5547776
0.6328333 0.7753643
0.29484072 0.5950857
0.20693961 0.6036412
0.3330176 0.15597877
0.5323954 0.9017165
0.71643776 0.514617
0.74229467 0.6087228
0.29648995 0.5950927
0.5323954 0.9017165
0.58674854 0.2941445
0.2267983 0.8135811
0.6071418 0.8159528
0.7601179 0.65790737
0.3299659 0.23659022
0.693965 0.6583022
0.14406285 0.7459771
0.18025815 0.7373531
0.7074405 0.62234354
0.60622066 0.77559763
0.72037476 0.64021325
0.27139434 0.44279602
0.73879755 0.6804326
0.84783083 0.6484492
0.90365744 0.76854026
0.0 0.32730526
0.6093561 0.8159315
0.5467797 0.933096
0.836827 0.37122205
0.7083686 0.89993966
0.7305719 0.6670454
0.2683065 0.51441914
0.7128197 0.63577056
0.78231347 0.5995813
0.14069477 0.8483819
0.5886983 0.2851499
0.788074 0.5503011
0.4910808 0.9191632
0.70958316 0.5864428
0.7469047 0.64454734
0.74365705 0.662485
0.63468254 0.8828601
0.7094666 0.7030328
0.86155516 0.7510542
0.14069477 0.8483819
0.4950196 0.49235815
0.2734266 0.34430388
0.70346737 0.61787724
0.73198867 0.6177371
0.28696826 0.0
0.8711986 0.7197399
0.52004784 0.51944417
0.21522278 0.80455023
0.7368126 0.6266778
0.86155516 0.7510542
0.72705734 0.6670672
0.7083686 0.89993966
0.801726 0.6218697
0.26204643 0.6575548
0.8638926 0.7554973
0.7305719 0.6670454
0.5227589 0.8209072
0.5221276 0.88816065
0.2407743 0.60826486
0.28909093 0.59953743
0.780659 0.5995886
0.71791214 0.5370535
0.7209366 0.51012
0.71943676 0.59985936
0.5650257 1.0
0.6117907 0.80245835
0.84610665 0.64845914
0.71299815 0.66715443
0.71739215 0.68057257
0.8789511 0.72414356
0.9180193 0.09935369
0.8808375 0.72412926
0.8795597 0.733062
0.86155516 0.7510542
0.58945024 0.77125627
0.8619139 0.75551367
0.82637495 0.62621737
0.84610665 0.64845914
0.82637495 0.62621737
0.14320007 0.750425
0.20464018 0.6572132
0.14320007 0.750425
